46.61904761904761	45.955714285714286	45.29904761904762	44.649047619047614	44.005714285714284	43.36904761904762	42.739047619047625	42.11571428571429	41.499047619047616	40.889047619047616	40.285714285714285	39.68904761904762	39.099047619047624	38.51571428571428	37.939047619047614	37.36904761904762	36.80571428571429	36.24904761904762	35.69904761904762	35.15571428571428	34.61904761904762	34.08904761904762	33.56571428571428	33.04904761904762	32.539047619047615	32.035714285714285	31.539047619047622	31.049047619047613	30.565714285714286	30.089047619047616	29.619047619047617	29.155714285714286	28.699047619047615	28.249047619047616	27.80571428571428	27.369047619047617	26.93904761904762	26.51571428571428	26.099047619047617	25.689047619047614	25.285714285714285	24.889047619047616	24.499047619047616	24.115714285714283	23.739047619047618	23.369047619047617	23.005714285714284	22.649047619047618	22.29904761904762	21.955714285714283	21.619047619047617	21.28904761904762	20.965714285714284	20.649047619047618	20.339047619047616	20.035714285714285	19.739047619047618	19.44904761904762	19.165714285714284	18.889047619047616	18.619047619047617	18.355714285714285	18.099047619047617	17.849047619047617	17.605714285714285	17.369047619047617	17.13904761904762	16.915714285714284	16.69904761904762	16.489047619047618	16.285714285714285	16.08904761904762	15.899047619047618	15.715714285714284	15.539047619047619	15.369047619047617	15.205714285714286	15.049047619047617	14.899047619047618	14.755714285714284	14.619047619047619	14.489047619047618	14.365714285714285	14.249047619047618	14.139047619047618	14.035714285714285	13.939047619047619	13.849047619047619	13.765714285714283	13.689047619047617	13.619047619047619	13.555714285714284	13.499047619047618	13.449047619047617	13.405714285714284	13.369047619047619	13.339047619047617	13.315714285714284	13.299047619047618	13.289047619047619	13.285714285714285	13.289047619047619	13.299047619047618	13.315714285714284	13.339047619047617	13.369047619047619	13.405714285714284	13.449047619047617	13.499047619047618	13.555714285714284	13.619047619047619	13.689047619047617	13.765714285714283	13.849047619047619	13.939047619047619	14.035714285714285	14.139047619047618	14.249047619047618	14.365714285714285	14.489047619047618	14.619047619047619	14.755714285714284	14.899047619047618	15.04904761904762	15.205714285714286	15.369047619047617	15.539047619047619	15.715714285714284	15.899047619047618	16.08904761904762	16.285714285714285	16.489047619047618	16.699047619047615	16.915714285714287	17.13904761904762	17.369047619047617	17.605714285714285	17.849047619047617	18.099047619047617	18.355714285714285	18.619047619047617	18.889047619047616	19.16571428571428	19.44904761904762	19.739047619047618	20.035714285714285	20.339047619047616	20.649047619047614	20.965714285714284	21.28904761904762	21.619047619047617	21.955714285714283	22.299047619047613	22.64904761904762	23.005714285714284	23.369047619047617	23.739047619047618	24.115714285714283	24.49904761904762	24.889047619047616	25.285714285714285	25.68904761904762	26.099047619047614	26.51571428571429	26.93904761904761	27.369047619047617	27.805714285714288	28.249047619047616	28.69904761904762	29.155714285714275	29.619047619047617	30.089047619047623	30.56571428571428	31.04904761904762	31.539047619047608	32.035714285714285	32.53904761904762	33.04904761904761	33.565714285714286	34.089047619047605	34.61904761904762	35.155714285714296	35.69904761904762	36.24904761904762	36.805714285714274	37.36904761904762	37.93904761904763	38.51571428571428	39.099047619047624	39.689047619047614	40.285714285714285	40.88904761904763	41.499047619047616	42.11571428571429	42.73904761904761	43.36904761904762	44.00571428571429	44.649047619047614	45.29904761904762	45.95571428571427	46.61904761904761
17.25924607528976	17.20864505946217	17.003854515469072	16.798956024090135	16.615442864374263	16.445128612782554	16.277322374438892	16.108704762175215	15.940630220494981	15.774327018297592	15.609864143928364	15.447000415429617	15.285660266398835	15.125878188520335	14.96768351026109	14.81108166943518	14.656072948344136	14.502661213071677	14.350852416713764	14.20065243738071	14.052066806943431	13.905101073187195	13.759760951263473	13.61605229298103	13.473981048850689	13.333553263765697	13.194775083161044	13.057652755376955	12.922192630569217	12.78840115870757	12.656284887178854	12.52585045839985	12.397104609169544	12.270054172397042	12.144706077255478	12.02106734574564	11.899145104518897	11.778946644981817	11.660479492267292	11.543751278623905	11.428769256452581	11.315539881722781	11.204069271415188	11.09436390584875	10.98643046410576	10.8802800368658	10.775938780955343	10.67343046884408	10.572741410403633	10.473847767561045	10.376771440620473	10.281560547823513	10.188230988316825	10.096768795135771	10.007165543936964	9.919425003952497	9.83355495543348	9.749562917491618	9.66745557366753	9.58723921709941	9.50892080079798	9.432508750243066	9.358012353500037	9.285440081303818	9.214798566467396	9.146093289542259	9.079330231613575	9.01451696287226	8.95166236935246	8.89077540250708	8.831863844691762	8.774933908211105	8.719990797174654	8.66703965181639	8.616086110760097	8.567136195146409	8.520195828409284	8.47527046875279	8.432365034978126	8.391483990303042	8.352631403499359	8.315810936326422	8.281025799575495	8.24827871628574	8.21757189501768	8.188907001514144	8.162285123526303	8.137706741209053	8.115171741988004	8.09467950482328	8.07622890781259	8.059817893995223	8.045442914584015	8.033101340296835	8.022800814929523	8.014562252592953	8.008365087487013	8.004029474720777	8.00120778860929	7.999723898173333	7.999549266454753	7.999723899350889	8.001207772560054	8.004029337310197	8.008364757549662	8.01456180736502	8.02280043997324	8.033101249754544	8.045443325726932	8.05981903180212	8.076231010003612	8.09468282308422	8.11517654180617	8.137713301434019	8.162293735614492	8.18891796832542	8.21758552918241	8.24829533821672	8.281045735197877	8.315834514595213	8.352658953768078	8.391515839593485	8.432401505209981	8.475311874055935	8.520242472686627	8.567188369888479	8.616144092715158	8.66710369996735	8.72006114916464	8.775010777585761	8.831947420653913	8.89086585232389	8.951759841214987	9.014621586192186	9.079442113413442	9.146212508511987	9.214925168433975	9.285574079734952	9.358153735510642	9.4326574839229	9.509076837878876	9.587402489060667	9.66762598583504	9.74974034722001	9.833739255360026	9.919616006686127	10.007363067945391	10.096972658278247	10.188441021631046	10.281776548342107	10.376993004182303	10.474074263877688	10.572972335568048	10.673665702016832	10.776178344846892	10.880523789443137	10.986678147565467	11.094615288995548	11.204324135097833	11.315797974192968	11.429030294504251	11.544014970004033	11.66074555082116	11.779214794570496	11.899415077922932	12.021338883378924	12.14497892691184	12.270328089457006	12.397379356798671	12.526125807781945	12.656560617874693	12.788677059038324	12.922468497880716	13.057928396149496	13.195050313020452	13.33382790746062	13.474254940226912	13.61632527494845	13.760032875747871	13.905371801128322	14.05233620847603	14.200920392064011	14.351118812891482	14.502925945706782	14.656335918873435	14.811342795528885	14.967942738970493	15.126135466186732	15.285915433016363	15.447253202346628	15.610114674432975	15.774576498456574	15.940879508718332	16.10894926836315	16.27755191071413	16.44534932447135	16.61570396852473	16.799306048675955	17.004220978483815	17.208819105352347	17.25924607528976
11.70073916655418	11.68169996879292	11.587682453332748	11.482139850583184	11.398662174816467	11.323904873562535	11.247272479904394	11.168652864536469	11.090278345519383	11.0127671539689	10.935826392553148	10.859261173255456	10.78308730228538	10.707355445890574	10.632083170450942	10.557272462986239	10.48292792617707	10.4090581300341	10.335672345107989	10.262779387782707	10.190387957026863	10.118506957669858	10.047145524208211	9.97631296438018	9.90601873898944	9.836272467487115	9.767083933717082	9.698463086442734	9.630420037843422	9.562965061693369	9.496108591064331	9.429861215929398	9.364233682033705	9.299236890684659	9.234881896101156	9.171179903121825	9.108142287749406	9.045780661950653	8.984106920621516	8.923133080020332	8.862870838169785	8.80333138972396	8.74452614658606	8.686466961960253	8.629163237741743	8.57262212678767	8.516869988542922	8.461979025379645	8.40799517674149	8.354900330969844	8.30270123137956	8.251405708787255	8.200986624824118	8.151432533298724	8.102753533106599	8.054964768937902	8.008080098858862	7.9621123866281	7.917074067071107	7.872977502094032	7.8298356904451785	7.7876625823474415	7.746472349198665	7.706278280131665	7.667092482209813	7.62892662977087	7.5917929347069775	7.555704466566443	7.520674680729088	7.486716625192871	7.453842401277652	7.422063180080262	7.3913896553433895	7.361832508805102	7.333402521533866	7.306110326817038	7.27996609022784	7.25497935881175	7.231159082577309	7.208513671914241	7.187050999933497	7.166778357204347	7.147702400122445	7.129829110583438	7.113163760677248	7.097710873062088	7.083474174227579	7.0704565491625315	7.058660028169422	7.048085844476645	7.038734513647636	7.030605704392625	7.023697834441932	7.018008727761966	7.013540620137558	7.010307704096932	7.0083174584477845	7.007459231944022	7.0072192120026315	7.00720484124533	7.0072049239148155	7.007204837994489	7.007219198250352	7.00745909816798	7.008317017090695	7.010307098666694	7.013540070742357	7.018008466877182	7.023698101099182	7.03060674896695	7.038736601029179	7.048089255214524	7.058665058850871	7.070463512340796	7.083483397804572	7.097722699097097	7.113178543676481	7.129847215344594	7.147724199212729	7.166804228157483	7.1870813222492345	7.208548823924597	7.23119943823688	7.255025284528742	7.280017941941692	7.3061684474353426	7.333467238416616	7.361904130608387	7.391468468000658	7.422149443092974	7.453936346397393	7.486818458390315	7.520784585580432	7.555822605486823	7.591919445696133	7.6290616196662295	7.667236020523628	7.706430398261392	7.746633046747892	7.787831836401775	7.830013459986111	7.873163723645839	7.9172686466179805	7.962315196632034	8.008290982707305	8.055183546739256	8.102980004538928	8.151666483000914	8.201227833713908	8.251653946532645	8.302956163537894	8.355161313808063	8.408261578496678	8.462250762216474	8.517147082512697	8.57290431184635	8.629450200398338	8.686758436849242	8.74482187475324	8.8036310770545	8.863174157033248	8.92343969174862	8.984416493316246	9.04609287604599	9.108456834198483	9.17149648088574	9.235200211581315	9.299556658343743	9.36455462505288	9.430183066660478	9.496431091458202	9.56328796372921	9.630743103835522	9.698786089160906	9.76740665636539	9.836594703620387	9.90634029242164	9.976633649100286	10.047465164294	10.118825387218576	10.19070502022609	10.263094939221384	10.33598624983292	10.409370262099937	10.483238166287851	10.557580702050304	10.632389325511195	10.707659464450966	10.783389090103206	10.859560469942934	10.936122946273334	11.01306157468803	11.090572437896139	11.168945934021608	11.24755469932669	11.324166000368843	11.398935191949363	11.48251580339929	11.588164263551159	11.681967841145871	11.70073916655418
11.421276130417876	11.395040727142005	11.296189560688955	11.201050933222142	11.126071673644608	11.055079980067102	10.981288570341304	10.906365901776486	10.83205914722806	10.758466039484183	10.685273773101452	10.612390952849418	10.53986252897735	10.467725693666392	10.39598904222722	10.324655103064503	10.253730505212262	10.183224364901005	10.113145838733821	10.043503751813848	9.974306975184636	9.905564609234366	9.837285964139753	9.769480518999101	9.702157914149437	9.635327957502279	9.569000628545766	9.503186078629069	9.43789463014705	9.37313677553838	9.308923175833835	9.24526465896942	9.18217221859034	9.11965701273447	9.057730360615945	8.996403742056875	8.93568881711833	8.875597475902802	8.81614186589223	8.757334269754946	8.69918682129276	8.641711453873937	8.584920438286671	8.528826302417018	8.473439018642235	8.418764324987006	8.36481803014829	8.311663933443626	8.25943158048698	8.208200759742718	8.157912051017863	8.10846715304666	8.059823088388862	8.011984496753778	7.964969267447297	7.918793618640788	7.87347166686861	7.829017090180305	7.785443469768537	7.742764423058182	7.70099398677171	7.6601466552728175	7.6202368482730085	7.581278378939588	7.543284493668901	7.506268363505289	7.4702434701836715	7.435223557156694	7.401222268946135	7.368252795501318	7.33632774512257	7.305459273785507	7.275659320920338	7.246939736225213	7.219312193625882	7.192787982839411	7.1673778493529126	7.143091959096535	7.119939931994872	7.09793085792452	7.077073266932653	7.057375077637258	7.038843549504226	7.0214852432136245	7.005305981947054	6.990310808223393	6.976503935362153	6.963888699180256	6.952467530464358	6.942241979913097	6.93321279417295	6.9253799578336	6.918742639112538	6.913299447159773	6.909050269673355	6.905999949840337	6.9041557527664725	6.90349673402182	6.903393882877739	6.903378784528106	6.903377325620697	6.903378781859222	6.903393863888502	6.903496619847356	6.904155293074784	6.905999331225121	6.909049711877928	6.913299181433803	6.918742906554913	6.925381011957263	6.933214903020124	6.942245427287653	6.9524726164896125	6.963895740229998	6.976513263374203	6.990322769432183	7.00532093508864	7.021503557270293	7.038865601071399	7.057401248006328	7.077103938981871	7.097966412890238	7.11998074617925	7.143138400609498	7.167430275080289	7.192846735797882	7.219377600515887	7.247012104567482	7.275738935394809	7.305546392577194	7.336422598124176	7.368355585503115	7.401333174532374	7.435342734181326	7.470371049408869	7.506404444839668	7.54342914042376	7.581431616624909	7.620398670091532	7.660317030945068	7.701172867213569	7.742951736568142	7.785639114250838	7.8292209303447216	7.873683539051812	7.919013336962438	7.965196626246354	8.012219272701598	8.060065040768919	8.108716003821899	8.158167454227776	8.208462327221646	8.259698946406349	8.311936792649732	8.365096119843265	8.419047378108637	8.473726755034468	8.529118440967222	8.585216692111207	8.64201151464846	8.699490358099942	8.757640944029143	8.816451346519658	8.875909444489372	8.93600296601957	8.996719771680139	9.058047978875571	9.119975935880456	9.182492172079032	9.245585378007444	9.309244405778596	9.373458272249168	9.438216160214434	9.503507419427072	9.569321568140543	9.635648294489263	9.702477457475291	9.769799087795072	9.837603387569409	9.905880726361794	9.974621634929496	10.043816813104078	10.113457170701189	10.183533846309116	10.254038022598428	10.324960550656822	10.396292330527876	10.468026762008972	10.540161321476836	10.612687319209526	10.685567437283424	10.758757051456582	10.832348716004272	10.906655290594742	10.98157319264998	11.055346694980198	11.126327031858619	11.201371566324818	11.296652673622907	11.395357639022052	11.421276130417876
11.377650324184753	11.348873736776603	11.246905927801398	11.154242683850155	11.080468029645171	11.009161873737932	10.935110912223976	10.86026137265109	10.786072406216983	10.712530866759453	10.63936134002272	10.566502051926994	10.493996540929867	10.421875817795101	10.350147384914562	10.278814700431731	10.207884774956883	10.137366592453462	10.067269170979856	9.997601298576122	9.928371836719611	9.85958986621369	9.79126467361048	9.723405719196158	9.656022630494517	9.589125207501327	9.522723426521093	9.456827440968906	9.39144758114292	9.32659435384663	9.262278441664021	9.19851070182256	9.135302164912945	9.072664033088426	9.010607677089816	8.949144635857305	8.888286630246693	8.828045596823657	8.768433710197346	8.70946331911632	8.651146788086528	8.593496468995573	8.53652498433958	8.480245048553444	8.42466747716436	8.369799446193477	8.31565196235027	8.262265511875468	8.209743475754852	8.158163658677559	8.107477329582391	8.057604386484778	8.008523991940162	7.960250356971622	7.912802289151305	7.866195635674547	7.820444777471946	7.775564002255065	7.731567614287562	7.688469935276962	7.646285463164016	7.605028839371319	7.564714574575476	7.5253568616257525	7.48696967945222	7.449567014687477	7.413162921588319	7.3777713681885375	7.343406033052882	7.310080212162899	7.2778068658005965	7.246598731426521	7.21646839489617	7.187428247783799	7.1594903478376795	7.132666274804585	7.106967061498134	7.082403198751122	7.058984654726604	7.036720862564762	7.015620676768965	6.995692321681351	6.976943346152403	6.959380583036247	6.943010107658531	6.927837192354417	6.9138662569357745	6.901100818834983	6.889543457099854	6.879195815856369	6.870058665676656	6.862132010289735	6.855415222122336	6.8499073216060244	6.845607817219014	6.8425185695587265	6.840646131019547	6.839990024771392	6.839877272964265	6.839859144112605	6.839857485759145	6.839859141690765	6.839877253797066	6.839989909000913	6.840645672303615	6.842517953556286	6.845607270489028	6.849907079570915	6.8554155308358204	6.862133128836331	6.870060868071841	6.879199392324684	6.88954871465687	6.901108081164281	6.913875863605773	6.927849497429679	6.943025477762481	6.959399394937686	6.976965983966158	6.995719173783556	7.01565213252625	7.036757308959631	7.0590264729419205	7.082450760798517	7.10702072704848	7.132726388381386	7.159557236298492	7.187502217667211	7.216549729284412	7.246687686768473	7.277903669960405	7.3101850646040365	7.343519106443341	7.3778928093361795	7.413292849945254	7.449705518525532	7.487116811918006	7.52551263987347	7.564878983737162	7.605201839132497	7.6464669914407475	7.688659905636858	7.73176591051968	7.775770476948606	7.820659256450498	7.866417923076243	7.9130321694066215	7.960487597120601	8.008768341338387	8.05785555109276	8.107734930668169	8.158427302401932	8.210012808714685	8.262540189927627	8.315931720142439	8.370084065563251	8.424956685114504	8.480538538329135	8.536822441882842	8.59379757147054	8.651451200806953	8.7097707046606	8.768743739595616	8.828357953360372	8.88860100752313	8.94946073556669	9.010925208792456	9.072982715167605	9.135621725509584	9.19883087941158	9.262598985429612	9.326915023957888	9.391768148894151	9.457147688753011	9.523043147669423	9.589444206052866	9.656340720946202	9.723722726263777	9.791580432010745	9.859904220478972	9.928684641099398	9.997912417110799	10.067578477642957	10.137673970772493	10.208190116632505	10.279117904923352	10.350448365208978	10.42217451098365	10.494292896030547	10.566795956853621	10.639652564092648	10.712819344043103	10.786358989935655	10.860547492352504	10.935393923128228	11.009430132636318	11.080720266083887	11.154541349003068	11.247344375764602	11.349193176999336	11.377650324184753
11.33733530507372	11.310225394138302	11.210291351272113	11.116339313132425	11.040940625561907	10.968938758674067	10.894580057025937	10.819270933403788	10.744476883118837	10.670323810803637	10.596573187018931	10.523141133476882	10.450056695703662	10.37735175331966	10.305037192602608	10.233117199746257	10.161598245744706	10.090488999820325	10.019798502291595	9.949535614843244	9.87970922233012	9.81032841071349	9.74140248358739	9.672940932072589	9.60495342289924	9.537449801948076	9.470440098930995	9.40393452903832	9.33794349314855	9.272477577947456	9.207547555913706	9.143164384713632	9.079339205840368	9.016083342576428	8.953408297446646	8.891325750397698	8.829847561723103	8.768985785218378	8.708752689609435	8.649160766225238	8.590222695857266	8.531951306481135	8.474359582976808	8.417460525757487	8.36126635031989	8.305787431590703	8.251033848779581	8.197022164833815	8.143774789899991	8.091308225795837	8.039629291275048	7.988744293141936	7.938666824132079	7.889414827089048	7.8410051370662	7.793452868832304	7.746772696831008	7.700979402232801	7.656087822394245	7.612112765363596	7.569068987047933	7.526971160912019	7.485833862767052	7.445671619037154	7.406498969521201	7.368330440336822	7.331180407198366	7.295062949782226	7.25999180853951	7.225980456118018	7.193042200985602	7.161190228893112	7.130437544447464	7.1007968452074675	7.0722803977709345	7.0448999693437475	7.0186668170613045	6.993591696464654	6.969684851180382	6.946955975258484	6.925414162665886	6.905067858640627	6.8859248161140805	6.867992053255957	6.851275808753928	6.835781494067401	6.821513642995114	6.808475860759179	6.796670781365379	6.7861000525676705	6.776764376605075	6.7686636386378565	6.761797157197208	6.756164108342449	6.751764271182996	6.748599485593573	6.746674986265213	6.745976290607771	6.745848382479422	6.745828381043455	6.745826668861844	6.745828378654961	6.745848363498743	6.745976174314688	6.746674527895274	6.748598877034531	6.751763744326186	6.75616390557293	6.761797531941333	6.768664857959477	6.776766723206823	6.786103826087723	6.79667629893074	6.808483456790885	6.821523668303087	6.835794314291424	6.8512918022204765	6.868011608337682	6.885948328192849	6.90509572678202	6.925446786112663	6.946993749839488	6.969728165712742	6.993640929222406	7.018722332412647	7.044962114683253	7.072349500800815	7.100873211452158	7.130521454812461	7.161281937291991	7.193141932395058	7.226088405441334	7.26010814022662	7.295187797689515	7.331313874132387	7.368472597118436	7.406649853994716	7.445831235954489	7.4860021853089815	7.527148133317763	7.5692545264486775	7.612306761529926	7.656290136705437	7.701189868508013	7.7469911244229	7.7936790454160665	7.8412388298623386	7.889655785604899	7.938914783874203	7.988998963796369	8.039890318047705	8.091575170922578	8.144047229225446	8.197299808516933	8.251316491570586	8.306074828786558	8.361558188771825	8.417756461793932	8.474659272388648	8.532254408093339	8.590528869293816	8.649469675517338	8.709064008029092	8.76929919645157	8.830162758622098	8.891642434178246	8.953726178160968	9.016402140141308	9.079658650912547	9.1434842192484	9.207867533501428	9.272797463989775	9.338263064873697	9.404253575361647	9.470758420196852	9.53776720960055	9.605269739124342	9.673255989442538	9.74171612472461	9.810640487999253	9.880019597730609	9.949844159933786	10.020105098307887	10.090793537116605	10.161900622510407	10.233417322530965	10.305334982909319	10.377647154687088	10.450349653070138	10.523431527022655	10.596860825961654	10.670608747108616	10.744759947482162	10.819552992727695	10.894857969599475	10.969202991176822	11.04119441263253	11.116638605966909	11.21070416223889	11.310501976902508	11.33733530507372
11.27768492914326	11.25246199536304	11.154561391476884	11.058559541456495	10.981333560402316	10.908734146890888	10.834047595068137	10.758171981608944	10.682681815111168	10.607851502352283	10.53345767461927	10.459387841582378	10.385659991608444	10.312309068927268	10.23934910305333	10.16678448353904	10.094621080815083	10.022867362082343	9.951532444816083	9.88062526765047	9.810154742174932	9.74012997443338	9.670560303178865	9.601455266898773	9.532824586907516	9.464678170212249	9.397026115083591	9.329878713182536	9.263246449891348	9.197140004663444	9.13157025148738	9.066548258811665	9.002085288488386	8.938192793938807	8.874882418054094	8.812165990559732	8.750055524006436	8.688563211420405	8.62770143733854	8.567482812548157	8.507920211666626	8.449026755631891	8.390815712847065	8.333300388696832	8.276494053210222	8.220409716689067	8.165059351048695	8.110452040926587	8.056594088119848	8.003495110897065	7.951173230110815	7.899651156715623	7.848949549462082	7.79908542704789	7.750073881082669	7.701929580467458	7.654667313119569	7.608302004391838	7.562848638486065	7.518322189852855	7.474737548636922	7.432109485166255	7.390452702651447	7.349781930005453	7.310111945536828	7.2714574835843235	7.23383308821107	7.197253019721253	7.161731262981145	7.127281600405983	7.093917670447495	7.0616529538387605	7.030500687640078	7.00047375607691	6.97158461242028	6.943845249429423	6.917267194656091	6.8918614967564915	6.867638689090235	6.844608739326725	6.822780998673332	6.802164155892231	6.7827661935032495	6.764594342563991	6.747655034855867	6.731953852831358	6.717495477869609	6.704283638596549	6.692321065426026	6.681609465973645	6.672149549674322	6.663941149065142	6.656983501891616	6.65127576362657	6.646817840480045	6.643611562680907	6.641660366773004	6.640948517783073	6.640819604652685	6.640800096989913	6.6407984592857225	6.64080009458831	6.64081958571892	6.640948401601497	6.641659909026544	6.643610960601979	6.646817331257268	6.651275595214051	6.656983933903617	6.663942455326694	6.672152020289491	6.681613408637862	6.692326805943961	6.704291520610444	6.7175058618331205	6.73196711428903	6.747671562109816	6.7646145338268715	6.7827904536476336	6.8021928929109805	6.822814619965044	6.844647647913822	6.8676832798617955	6.891912152807786	6.917324283790332	6.9439091209063974	6.97165559405517	7.000552151753596	7.030586775191008	7.061746983140084	7.094019861600525	7.127392142044156	7.161850310934644	7.197380696320578	7.23396948232939	7.271602651186117	7.310265910273364	7.349944683533406	7.390624204789228	7.432289664312644	7.474926302738135	7.518519387847812	7.5630541220326855	7.608515589765768	7.654888793100454	7.70215872583994	7.750310441806321	7.79932913439806	7.849200120204926	7.899908295755319	7.951436625194652	8.00376442799138	8.05686898610545	8.110732192151309	8.165344435218817	8.220699397666664	8.276787973487131	8.333598183278045	8.391117021589942	8.449331226673587	8.508227501345965	8.56779258559412	8.628013367076141	8.688876979621286	8.750370820955885	8.812482515698212	8.875199880955398	8.938510915255055	9.002403800681412	9.066866906650656	9.131888792336145	9.197458208576574	9.263564099538954	9.33019560362877	9.397342053446788	9.464992975237262	9.533138088485753	9.601767305571178	9.67087072964839	9.740438649121371	9.810461534911077	9.880930057606095	9.951835120515149	10.023167820794482	10.094919227138247	10.167080230074953	10.239642377943518	10.312599823266233	10.385948174499799	10.459673328617146	10.533740280493667	10.608131342430946	10.682959786176644	10.75844870081079	10.834319371926224	10.908992307914435	10.981584456627015	11.058856521263017	11.154950666362515	11.252702191954931	11.27768492914326
11.210797492048803	11.185793485206506	11.087699866863021	10.990671932168084	10.912784363517378	10.839869627062944	10.76484157892001	10.688529126168298	10.612585457309873	10.537318935590141	10.46249518562197	10.387991323103819	10.313825359310023	10.24003452950779	10.166633377824583	10.093625895397057	10.0210177321976	9.948817381848519	9.877034013313125	9.805676574103142	9.734753974437933	9.664275331344458	9.594250005411665	9.52468756267908	9.455597756963638	9.386990533815888	9.318876036687913	9.25126460912753	9.184166795149252	9.117593339761834	9.051555189762416	8.986063494205172	8.92112960409894	8.856765071368475	8.792981647432978	8.729791281022454	8.6672061135031	8.605238471820789	8.54390086741051	8.483206015724937	8.423166874216559	8.363796656080417	8.305108776559365	8.247116792122108	8.189834466015526	8.133275834580035	8.07745471296309	8.022383807788826	7.968075096697248	7.91454188718532	7.861800020575136	7.809866546656453	7.758757750620934	7.708488750626502	7.659074264475171	7.610529160990828	7.562868494952932	7.516107410055612	7.470261100900239	7.42534478934908	7.381373678199096	7.338362919125292	7.296327625993139	7.255282903359142	7.215243837605162	7.176225440589813	7.138242583362153	7.101309957784535	7.065442069846959	7.030653241709138	6.996957597677788	6.9643690241247205	6.932901111904834	6.902567100671455	6.873379839215613	6.845351759040533	6.818494846636143	6.792820603939136	6.768339998759379	6.74506341340014	6.723000596490467	6.702160617187271	6.6825518187848365	6.664181770151249	6.647057215009858	6.631184019414206	6.616567117836888	6.603210459821779	6.591116963030787	6.580288485270351	6.5707258404379285	6.5624289053559846	6.555396892027793	6.549628875640207	6.545124649011156	6.541885825951164	6.539915950308897	6.539201167194354	6.539073095965392	6.539053803818934	6.539052179877939	6.539053801410481	6.539073077010548	6.539201051009777	6.539915493276424	6.541885230160892	6.545124157046114	6.549628741188762	6.555397380969182	6.562430298446913	6.57072843542284	6.580292598197126	6.591122928723049	6.603218631512799	6.616577866004816	6.631197729887029	6.647074286432294	6.664202610923221	6.682576843591133	6.702190243241068	6.723035239611584	6.7451034840429465	6.768385898092872	6.792872720060352	6.818553550976228	6.845417403019937	6.873452751226628	6.90264758347438	6.932989440462465	6.964465443780569	6.997062322520478	7.030766453063958	7.065563915041018	7.1014405494502855	7.138381999435385	7.176373724875104	7.215401000524092	7.255448922483575	7.296502446292838	7.338546453331761	7.381565807847573	7.425545366638064	7.470469950882832	7.516324332560504	7.563093266143106	7.610761534894552	7.659313974648984	7.708735511968709	7.759011262141562	7.810126496531533	7.862066092263867	7.9148137607367	7.9683524416015725	8.022666275592572	8.077741940133826	8.133567451741419	8.190130103981641	8.24741608438567	8.30541136188723	8.364102181122496	8.423474994526135	8.483516395277972	8.544213178000652	8.60555239331431	8.667521334864832	8.730107501523207	8.793298577655344	8.85708243396417	8.921447134361607	8.986380940479878	9.051872313678844	9.11790991628986	9.184482612492546	9.251579468471373	9.319189751813441	9.387302930599017	9.455908672790624	9.524996845818508	9.594557514377511	9.664580934289429	9.735057548671561	9.805978005879155	9.877333197800198	9.94911422259265	10.021312139594738	10.093917786763928	10.166922684721046	10.240321207643845	10.314109367663187	10.388272547324584	10.462773429753689	10.537594280880349	10.612858814576892	10.688801251474558	10.765108904020394	10.840123330876716	10.913029985292134	10.990961120357037	11.088075004810602	11.186022326335086	11.210797492048803
11.146079379248855	11.120505185022937	11.021278057864631	10.924001364813204	10.84608546409015	10.772922646234449	10.697508639231167	10.620826511546321	10.544551363384304	10.46895729623006	10.393793693389041	10.3189411140637	10.244422563487603	10.170275968150493	10.096514900542218	10.023142901876254	9.950165719934137	9.877591991094834	9.805430918590565	9.73369144688862	9.662382501798545	9.591513234797747	9.521093047444209	9.451131549894578	9.38163854527378	9.312624035241342	9.244098226439933	9.176071532668885	9.108554575414693	9.041558184626238	8.975093399769099	8.909171470707767	8.843803858125181	8.77900223337856	8.714778477829293	8.651144681499414	8.588113140203259	8.525696350227532	8.46390700236797	8.402757981968172	8.34226238105874	8.28243351572765	8.223284930575872	8.164830392945966	8.107083911928466	8.05005977604624	7.9937725494022285	7.93823702065076	7.883468099925469	7.829480621968954	7.776289188065709	7.7239082489855555	7.6723523558229445	7.6216363449971105	7.571775358820974	7.522784753828031	7.474679997357007	7.427476616398992	7.381190188572649	7.335836336206692	7.291430708578522	7.247988959769426	7.20552672760047	7.164059610593361	7.123603142132653	7.084172768004199	7.045783830935987	7.008451555220901	6.972191020423045	6.9370171211217615	6.90294452006883	6.869987604795282	6.838160452503377	6.807476800942719	6.777950018606816	6.74959306793191	6.722418459669791	6.696438201781421	6.6716637479227625	6.648105948174552	6.625775001288006	6.604680406436424	6.584830913277188	6.566234470216267	6.5488981710304115	6.532828199756178	6.518029774049811	6.504507089177516	6.492263268839786	6.481300335066157	6.471619219839483	6.463219862187473	6.4561014668712025	6.450263025824864	6.445704191323366	6.442426492536285	6.440433641198928	6.4397115851549955	6.439582094118194	6.439562467508673	6.439560803353841	6.439562465097332	6.439582075137523	6.439711468859545	6.440433184676736	6.442425903225355	6.4457037176900664	6.450262927920881	6.456102017538596	6.463221349864337	6.471621950736373	6.4813046344855865	6.492269481594865	6.504515579117103	6.5180409227371205	6.532842404379232	6.548915841647351	6.566256026456065	6.584856780626234	6.604711012243766	6.625810770618233	6.648147299629413	6.671711089540602	6.696491927105657	6.722478944054473	6.749660665132887	6.77802505770244	6.807559583633197	6.838251250826634	6.870086659254595	6.903052038122947	6.937133275989751	6.972315950205604	7.008585362382902	7.045926582186202	7.084324494553052	7.123763840239659	7.164229242277344	7.205705221441103	7.2481762118818	7.291626583939986	7.33604067038192	7.381402789621863	7.427697266710287	7.474908455419165	7.523020756169953	7.57201862212599	7.621886568085185	7.6726092215548185	7.72417142696863	7.776558338425157	7.829755398045688	7.8837481478424944	7.938521978120954	7.994062047917499	8.050353445713595	8.107381384901876	8.165131304713492	8.223588921274875	8.282740231952117	8.3425714769858	8.403069119646826	8.464219852083204	8.526010591444019	8.588428462804789	8.651460786882273	8.715095079700676	8.779319058335425	8.844120646096691	8.909487975275443	8.975409388348453	9.04187343850113	9.10886888962365	9.176384715741149	9.244410099980081	9.312934433373002	9.38194731397031	9.451438546236586	9.521398138843313	9.591816298229896	9.662683423141582	9.733990120525759	9.805727247268571	9.877885885423495	9.950457096874947	10.02343168431898	10.096801023831887	10.170559391277184	10.24470325343859	10.319218970456179	10.394068520253784	10.469229132966792	10.544821085760523	10.621095014532955	10.697772674435797	10.773173266389643	10.846327012091935	10.92428448928889	11.021647829483422	11.120734389849725	11.146079379248855
11.084070427022715	11.058022293392257	10.957873190861052	10.86044639489089	10.782438363140713	10.70894189854603	10.633109641711355	10.556048714600472	10.479423617706916	10.403473138429181	10.327939240401125	10.252708956511142	10.177808985300961	10.103276829091332	10.029125089279201	9.955357139005262	9.881978924852683	9.808999209737419	9.736427222994648	9.664271926932702	9.592542290420079	9.521247522406973	9.450397085935569	9.380000656305132	9.310068107935317	9.240609521038108	9.171635188137612	9.103155616309047	9.035181527978954	8.967723861991109	8.900793774879876	8.834402641987282	8.768562058281681	8.703283838792744	8.638580018545555	8.57446285193474	8.510944811431656	8.448038585050503	8.385757071581759	8.324113373860312	8.263120794130904	8.202792838453806	8.143143232106848	8.08418593472543	8.02593513903694	7.968405262769628	7.911610967511837	7.855567177229365	7.800288989177963	7.745791477153882	7.692089587879012	7.639198268541427	7.587132681656784	7.535908287151363	7.485540771695151	7.436045950697045	7.3874397189852115	7.339738037515212	7.292956926346801	7.247112454927054	7.202220730392953	7.158297880578093	7.1153600276851146	7.073423256510583	7.032503587395597	6.9926169594026435	6.953779218054187	6.916006096314275	6.879313182382524	6.84371587739048	6.809229351608402	6.77586850597979	6.743647939476487	6.712581917167091	6.682684332944766	6.653968664594519	6.626447923575085	6.600134603595324	6.575040630255894	6.551177311381357	6.528555286645906	6.507184475709659	6.487074024895327	6.468232252582981	6.450666593181219	6.43438353928492	6.419388582094835	6.405686152278463	6.393279567659487	6.382171000076015	6.372361483426903	6.363851005338746	6.356638759167586	6.350723664702329	6.346105263524209	6.342784973337901	6.3407663165911865	6.340034418897458	6.339902894195545	6.339882922441313	6.339881227829234	6.3398829200268345	6.33990287518824	6.340034302444087	6.340765860385633	6.342784390535392	6.346104808831914	6.350723604887986	6.356639374416173	6.363852592176482	6.372364356964747	6.382175495333671	6.393286039924175	6.405694976511172	6.4194001514395325	6.434398262769603	6.450684892725109	6.468254559442292	6.487100775690036	6.507216108175209	6.52859223524835	6.551220002923607	6.575089479588766	6.600190009530168	6.626510265074236	6.654038297292313	6.682761586031337	6.7126670906571295	6.743741301885545	6.77597029242994	6.809339762370596	6.8438350768433445	6.879441298341068	6.916143219674381	6.953925402719206	6.992772222497586	7.032667909800737	7.073596583728263	7.115542271000839	7.158488918442021	7.202420409963625	7.247320593754764	7.29317331418565	7.339962438252433	7.387671872698995	7.436285575869648	7.485787567541795	7.536161935891472	7.58739285052027	7.639464611529123	7.692361747668693	7.7460690876308025	7.80057167855538	7.855854571061415	7.911902690967756	7.968700942225574	8.026234403387685	8.084488416660003	8.14344856940612	8.203100675243517	8.263430782002407	8.324425172924368	8.386070351582534	8.44835302650858	8.511260106660774	8.574778705836662	8.638896149202909	8.703599977921185	8.76887795157717	8.834718049372036	8.901108470637583	8.968037634779316	9.035494180704156	9.103466965849393	9.171945064904007	9.240917768377587	9.310374581397582	9.380305222806799	9.450699622861013	9.52154791669233	9.59284043771594	9.664567731010958	9.736720595428707	9.809290069334033	9.882267196185683	9.955642751827682	10.029407984351245	10.103556969173658	10.178086342397954	10.25298344106962	10.328210666897373	10.403741531235015	10.47968981010326	10.556313629419407	10.633370238304805	10.709189356160406	10.782676434971505	10.860724946246918	10.958238580939748	11.058250518718658	11.084070427022715
11.022956665124992	10.996654866545937	10.89588516050743	10.798153931182346	10.719860054801467	10.645970175372776	10.569718140654036	10.492260577059781	10.4152476297691	10.338900529668967	10.262960603262842	10.18731934807228	10.112004910914234	10.03705410957877	9.962479003694378	9.88828299212994	9.8144721838667	9.741055413465592	9.668041927073059	9.595440713364322	9.523260787966535	9.451511415488305	9.380202117871086	9.309342633754756	9.238942907260773	9.169013095258393	9.09956357392608	9.030604941163173	8.96214801771832	8.894203848578554	8.826783704488644	8.759899083253774	8.693561710751514	8.627783541650107	8.562576759746596	8.49795377786401	8.433927237380525	8.370510007286294	8.307715181895839	8.245556075895486	8.18404621722247	8.123199342262025	8.063029398598385	8.003550552403285	7.944777188323833	7.886723896216679	7.829405455138174	7.772836824721712	7.717033140847305	7.662009712573704	7.607782024889579	7.554365743924819	7.501776709070461	7.4500309059106575	7.399144435247697	7.34913349541764	7.300014376428514	7.251803453207046	7.204517172375579	7.158172036398131	7.1127845882078695	7.068371394119291	7.024949022334948	6.982534018535673	6.941142882194573	6.9007920445445095	6.861497845527326	6.823276506818784	6.786144100510604	6.750116515012404	6.71520941975654	6.681438229112374	6.6488180646618185	6.617363714426261	6.587089588227379	6.558009669731	6.53013746661909	6.503485959960856	6.478067552815834	6.4538940175643456	6.430976441734866	6.409325172542715	6.388949760394213	6.369858901318172	6.352060377992998	6.335560998919937	6.320366535762174	6.306481660919235	6.293909891632728	6.28265355293593	6.272713781454233	6.264090612664695	6.25678322956981	6.250790484547536	6.246111802253805	6.2427484381888325	6.24070368725258	6.239962191999379	6.239828934502547	6.2398087163630045	6.239807003111958	6.239808713944243	6.2398289154631215	6.239962075356623	6.240703231242117	6.242747861893386	6.246111366850908	6.250790463747239	6.256783911140673	6.264092301486964	6.272716801828789	6.28265824990629	6.29391663127467	6.3064908296162105	6.320378538531095	6.335576256887386	6.352079325148536	6.369881980690132	6.388977419803085	6.409357860087937	6.431014601163556	6.453938083657276	6.478117946908929	6.503543085701519	6.530201706036621	6.558081379678441	6.58716909722955	6.6174513199504705	6.648914030819327	6.681542784798535	6.7153227572343255	6.750238788928775	6.786275427312589	6.823416964522736	6.861647473802784	6.900950845099024	6.941310819469674	6.982711020724457	7.025134982699315	7.068566172541535	7.112988012900624	7.158383905736893	7.204737256868638	7.252031497621425	7.30025010205083	7.349376602406278	7.399394605051607	7.450287803726073	7.502039986226729	7.554635040049951	7.608056969903125	7.662289928860526	7.717318245879627	7.77312643385317	7.829699184022108	7.887021362684816	7.945078013952372	8.003854363906912	8.063335829047654	8.123508032226683	8.184356815995649	8.245868242783875	8.308028587414508	8.370824334134392	8.434242181190463	8.498269047780033	8.562892078882683	8.628098647449903	8.693876355257048	8.760213033284186	8.827096741724484	8.894515769538783	8.962458633610863	9.030914077589463	9.099871070425428	9.16931880468869	9.239246695026456	9.309644376906927	9.380501704112657	9.45180874212978	9.52355576092905	9.595733246396744	9.66833194123104	9.741342836394063	9.814756948298358	9.888565035255137	9.962758272606406	10.037330571732346	10.11227854235352	10.187590066289767	10.263228233431159	10.339165096843313	10.41550994081049	10.492521537935263	10.569974809745906	10.646213910751632	10.720094416545473	10.79842795228835	10.896245042268472	10.996880113927421	11.022956665124992
10.961971145387116	10.93547554163143	10.834143750710597	10.736018813695896	10.65737816653613	10.583095641505366	10.506435116923864	10.428578562132667	10.351168690456461	10.274417658292661	10.198066986729858	10.122010790552844	10.046277874488357	9.970904547880595	9.895902553875843	9.82127533301681	9.747029096939366	9.673172716436962	9.5997154433455	9.526666283324715	9.454034284369294	9.381828750345166	9.31005924607016	9.238735557942121	9.167867684150801	9.09746584239107	9.027540476542981	8.958102259330154	8.889162093811183	8.820731115134882	8.75282069238016	8.685442430121315	8.6186081696497	8.552329989899437	8.486620208070347	8.421491379900404	8.356956299594437	8.293027999436912	8.229719748865662	8.167045052326518	8.10501764523204	8.043651488434545	7.982960763053302	7.922959867308497	7.863663414516913	7.805086229042027	7.747243338967117	7.690149970906356	7.633821554512882	7.578273732905473	7.523522361734198	7.469583485890147	7.416473304955551	7.364208147819325	7.312804463511977	7.262278819357263	7.21264789568732	7.163928473850358	7.116137419938942	7.069291667201804	7.0234081982073615	6.97850402648228	6.934596177214027	6.891701666670757	6.849837479648478	6.809020544172422	6.7692677034698505	6.730595686192636	6.693021075817158	6.656560279041745	6.62122949196668	6.587044662794243	6.554021450592429	6.522175180584941	6.4915207968758155	6.462072813349269	6.4338452629600855	6.406851645209352	6.381104871608211	6.356617209274745	6.333400223096567	6.311464716853729	6.290820673414855	6.271477193850733	6.253442435148761	6.23672354611912	6.221326601466548	6.20725653595377	6.194517084758193	6.18311074215298	6.173038760500821	6.1643012326287785	6.156897336765852	6.150825857526415	6.146086093061074	6.142679130069529	6.14060809053008	6.1398572779719975	6.139722400449425	6.13970194405554	6.1397002110832215	6.139701941631734	6.139722381372444	6.139857161111114	6.140607634632973	6.142678560372229	6.146085677473649	6.150825876991735	6.156898086961247	6.164303027153544	6.173041933249362	6.18311564862738	6.194524102277064	6.207266062781921	6.221339054939905	6.236739359877267	6.253462055615511	6.271501076122269	6.290849276724207	6.311498499779666	6.3334396386759355	6.356662700161687	6.3811568654038675	6.406910550063658	6.433911463525089	6.46214666714187	6.491602631087052	6.522265289353754	6.554120092746776	6.58715206005322	6.6213458275927115	6.656685696927802	6.693155679988866	6.730739540700335	6.769420832643024	6.809182933208734	6.850009075511984	6.89188237927733	6.934785880881342	6.978702561613792	7.023615373173039	7.069507260384554	7.1163611819292765	7.164160129772163	7.212887147620748	7.2625253488177535	7.313057933967248	7.36446820725101	7.416739588451495	7.469855618193727	7.523799959653724	7.578556407555153	7.634108913463478	7.690441620349958	7.747538885907519	7.805385283403217	7.8639655910310235	7.92326478712343	7.983268055123538	8.043960790820176	8.105328606366442	8.167357332193793	8.230033019990461	8.2933419476542	8.357270624639174	8.421805795869899	8.486934443787	8.552643789181714	8.61892129149558	8.685754648808558	8.753131797482219	8.821040911442603	8.889470401143798	8.958408912216418	9.027845323754843	9.09776874631834	9.168168520016598	9.239034212871717	9.310355618035638	9.38212274702464	9.454325822014619	9.526955285806741	9.600001841439227	9.673456446925123	9.747310100983857	9.821553555409029	9.896177948241634	9.971177086914965	10.046547538797501	10.122277503374994	10.198330580034678	10.274678156991737	10.351426886007376	10.428835356888543	10.506687648842735	10.583335396791492	10.657608523592492	10.736288002045573	10.834497720025213	10.935697538105254	10.961971145387116
10.901229518275255	10.874511360257559	10.772569721658197	10.674055196760698	10.595093056924716	10.520435354037257	10.443373294198318	10.365122476942204	10.287322351906976	10.21017542217768	10.133422012117991	10.056958431204485	9.9808143236312	9.905025655230284	9.829603858739807	9.754552368316395	9.679877469419651	9.605588059967218	9.5316933907035	9.458202473784501	9.38512437741983	9.312468433002843	9.240244237160644	9.168461613270997	9.097130602946013	9.026261474241386	8.955864728521622	8.885951103392513	8.816531574569964	8.747617358029323	8.679219912220486	8.611350939982085	8.5440223900738	8.477246458376428	8.411035588788854	8.345402473800572	8.280360054698903	8.215921521402183	8.15210031194595	8.088910111553345	8.026364850908893	7.964478702972459	7.903266078038102	7.842741618015386	7.782920191941593	7.723816893827065	7.665447041629619	7.607826175062729	7.550970050653516	7.494894633083218	7.439616082440857	7.3851507392913485	7.33151511156709	7.278725865515416	7.2267998185413305	7.1757539300148085	7.125605288449731	7.0763710962203765	7.028068653259059	6.980715339993989	6.934328599249621	6.88892591716297	6.844524803259103	6.801142769275332	6.758797305897313	6.717505856936549	6.67728579124427	6.63815437295454	6.600128730223889	6.563225821991208	6.5274624019976715	6.4928549795221775	6.459419776763905	6.42717268319333	6.396129207265879	6.3663044256805135	6.3377129301412465	6.310368771595549	6.284285402164541	6.2594756152104125	6.235951484011971	6.213724299344768	6.192804506032661	6.173201638375467	6.1549242542290274	6.137979867365574	6.12237487803569	6.1081145035278785	6.095202714635212	6.083642189926054	6.073434309667914	6.06457923278951	6.057076137261517	6.050923739817172	6.046121209837868	6.042669467494705	6.040571464851054	6.039811100477894	6.039674523939952	6.039653805901317	6.039652050311497	6.039653803472231	6.03967450482274	6.0398109833796605	6.040571009023957	6.04266890458071	6.0461208147762955	6.0509238011202395	6.0570769588968	6.064581137504491	6.073437641425649	6.083647315201077	6.095210022529074	6.108124404736284	6.122387802752823	6.1379962622517805	6.154944578597526	6.1732263597731	6.192834095398133	6.213759225925439	6.235992210208948	6.259522591503686	6.2843390622474065	6.310429527822673	6.33778116936983	6.366380505560669	6.396213453015685	6.427265384875592	6.459521187065978	6.492965312027765	6.527581829931885	6.563354477417353	6.600266703670265	6.638301713449202	6.677442506732829	6.717671915053007	6.758972635053732	6.801327260036622	6.844718309974371	6.889128259829933	6.934539565588158	6.980934687699658	7.028296112402897	7.076606371760594	7.125848062821861	7.176003865768527	7.227056560998462	7.278989045436668	7.331784347824309	7.385425641528223	7.439896253666813	7.495179672122191	7.551259554407754	7.608119740628895	7.665744268332605	7.7241173851841864	7.783223557512141	7.843047475094964	7.903574053191873	7.964788433409559	8.026675985684442	8.089222312579919	8.152413254813156	8.216234896023803	8.280673565814752	8.345715841354691	8.411348548197624	8.477558760697478	8.544333802086747	8.6116612441901	8.67952890677625	8.747924856581589	8.816837406020081	8.886255111544372	8.956166771605215	9.02656142429166	9.097428345026172	9.168757044540097	9.240537265794538	9.312758976995234	9.385412363348449	9.458487835710711	9.531976069283186	9.60586800138046	9.680154623572289	9.754826687861364	9.8298753039792	9.90529420434131	9.981079962465252	10.057221089264948	10.133681526251106	10.21043181210762	10.28757639313614	10.365375084118325	10.44362170526704	10.520671154448095	10.595319351830556	10.674319421969495	10.772917844519782	10.874730392650044	10.901229518275255
10.84095024735824	10.813984968829727	10.711404236040448	10.6125257807715	10.533267594853674	10.45824183737991	10.380778881742255	10.302136832713225	10.223951714623988	10.146414137936768	10.069262491324132	9.992395532929624	9.915843997843908	9.83964353575277	9.763805219277211	9.688332449074158	9.613231581963124	9.538511544175064	9.46418158261552	9.390250711197234	9.316728013892678	9.243622845822612	9.170944831931939	9.098703829216264	9.02690991949707	8.955573418176124	8.884704881302342	8.81431510877791	8.744415146605556	8.675016289439156	8.606130083191779	8.537768327339862	8.469943076839956	8.402666643692003	8.33595159817042	8.26981076971043	8.204257247412192	8.139304380127024	8.074965776139823	8.011255302506497	7.9481870840058395	7.885775501397278	7.824035188538511	7.762981028305591	7.702628148012068	7.6429919152562915	7.584087934169243	7.525932040602387	7.468540294636396	7.411928970612775	7.356114546923547	7.301113697573817	7.246943285142445	7.193620352882645	7.1411621141542065	7.089585939190269	7.038909340361097	6.989149956875747	6.940325538993498	6.892453931281622	6.845553054544107	6.799640886351808	6.754735440183828	6.710854743055356	6.6680168114377105	6.626239625347581	6.585541100518968	6.545939058476113	6.507451194221647	6.470095041272315	6.433887933878876	6.398846966345222	6.36498894937537	6.332330363363132	6.300887308541657	6.2706754519611625	6.241709971382428	6.214005496337065	6.187576046744234	6.16243496952739	6.138594873633243	6.116067563742506	6.094863972821177	6.074994093531995	6.056466908368423	6.039290318163132	6.023471068846726	6.009014678143156	5.99592536793726	5.984206013968068	5.973858134492708	5.964881961538684	5.95727667643696	5.951040928509942	5.946173756574916	5.942675908911834	5.9405501477730045	5.939779909598097	5.939641562548364	5.939620572071893	5.9396187931631355	5.939620569637771	5.9396415433917396	5.939779792260691	5.940549692033279	5.9426753530627705	5.946173382876808	5.951041033378699	5.9572775725130445	5.9648839811515355	5.973861632156572	5.98421136765292	5.995932979076981	6.009024970421387	6.023484485858751	6.039307320095487	6.056487967868774	6.0750196909612875	6.094894591087315	6.116103682910389	6.138636965492032	6.162483492274971	6.187631439923529	6.2140681761312555	6.241780326348747	6.270753839257348	6.300974050677019	6.332425745487652	6.365093217105449	6.398960324113055	6.43401054378429	6.470227022411395	6.50759262246469	6.546089966666928	6.585701479066761	6.626409423181089	6.668195937289448	6.711043067042687	6.7549327956545	6.799847071963626	6.845767836549175	6.89267704598335	6.940556695341472	6.989388839163629	7.0391556109955316	7.0898392415004245	7.141422075210665	7.19388658629673	7.2472153938264565	7.301391276451929	7.356397185578915	7.412216255838625	7.468831812846319	7.526227380066686	7.584386687075509	7.643293679617837	7.702932529447304	7.763287641687697	7.824343659488818	7.886085467589043	7.948498196262101	8.01156722570047	8.075278189918997	8.139616979479332	8.204569743085875	8.27012288849758	8.336263083067353	8.402977253952631	8.470252587938631	8.538076530857637	8.606436786635676	8.67532131599795	8.744718334837836	8.814616312219767	8.885003967975015	8.955870269971085	9.027204431419413	9.098995908474276	9.171234396867813	9.243909824695683	9.317012343585496	9.390532336005274	9.46446045321095	9.538787616381601	9.613504814788499	9.688602803451532	9.764072662551492	9.839908051845653	9.916105578222103	9.992654114110225	10.069517915491517	10.146666417844457	10.224201605825535	10.302385262751224	10.38102320042276	10.458473736224185	10.533489876293974	10.612785062792636	10.711746584367312	10.814201163976369	10.84095024735824
10.781194254719049	10.753979283247256	10.650761053803624	10.551529336155935	10.471979228152824	10.396584067825117	10.31871934726345	10.239686795557377	10.161117614348884	10.083189804537685	10.005639959333777	9.928369503782159	9.851410295730469	9.774797625931537	9.698542184230229	9.62264733778566	9.547119517055766	9.471967674657101	9.397201050050933	9.322828655710621	9.248859588637211	9.175303224998485	9.10216921532041	9.029467447482496	8.957208040823515	8.885401355439159	8.814057999442657	8.743188832444227	8.672804968180605	8.602917777471216	8.53353889122533	8.464680203151168	8.396353872091764	8.328572324011626	8.26134825363668	8.194694625725637	8.128624675943357	8.063151911303292	7.998290110154107	7.934053321711912	7.87045586515583	7.807512328263084	7.745237565458394	7.6836466950683775	7.622755095607376	7.56257840108277	7.503132495457378	7.444433506432783	7.386497798713406	7.329341966971185	7.272982828650211	7.217437416328201	7.162722968923898	7.108856921172342	7.055856891431295	7.003740668355342	6.952526196858835	6.902231563359291	6.852874980028687	6.804474767804211	6.757049338026077	6.710617172616769	6.665196802717046	6.620806785715761	6.577465680626301	6.5351920217031685	6.494004290073956	6.453920883085194	6.414960081088745	6.377140011484921	6.340478609898561	6.3049935783544075	6.270702340271967	6.237621992082719	6.205769251328327	6.175160401225844	6.14581123184181	6.117736978150406	6.090952255338673	6.065470991771392	6.041306360038547	6.0184707064569825	5.996975479286365	5.976831155785108	5.958047168047633	5.940631827308684	5.924592246562253	5.909934263087807	5.896662366453672	5.884779643402044	5.874287761031128	5.86518703210428	5.857476645522997	5.8511551838199445	5.84622155193871	5.842676318109457	5.840522041559971	5.839741679469925	5.839601524834545	5.839580258316278	5.8395784559774	5.8395802558777365	5.839601505642337	5.839741561909496	5.840521585993951	5.842675769715382	5.846221200579574	5.851155334144408	5.857477619227197	5.8651891715390905	5.874291431754993	5.884785235416988	5.896670294089858	5.909944963586837	5.924606177472096	5.94064946284937	5.958068994639046	5.976857666947487	5.997007170129881	6.018508067969827	6.041349873365962	6.065521122653722	6.091009448848081	6.117801653835429	6.145883779359222	6.175241176511767	6.205858573336914	6.23772014010147	6.270809551808036	6.305110047575522	6.340604486604784	6.377275400582551	6.415105042534906	6.454075432270303	6.494168398609019	6.535365618579009	6.577648653711779	6.620998983561311	6.665398036628686	6.710827218964868	6.757267940753057	6.804701641095625	6.853109811112392	6.902474015398231	6.952775911904314	7.003997270328848	7.056119989102787	7.109126111103036	7.162997838344863	7.217717545933844	7.273267795293217	7.329631346245963	7.386791167407514	7.444730444819487	7.503432589408494	7.562881243996893	7.623060290159176	7.683953854780907	7.7455463160908655	7.807822309005118	7.870766729627772	7.9343647387798715	7.998601764570907	8.063463504184288	8.12893592508525	8.195005265779317	8.261658036149507	8.328881017357626	8.396661261308887	8.464986089703913	8.53384309270802	8.60322012726206	8.673105315048703	8.743487040102046	8.814353946027124	8.885694932898144	8.957499154183274	9.029756013974422	9.10245516334862	9.175586492943204	9.24914012354544	9.32310641202046	9.397475988445139	9.472239760710453	9.54738871911929	9.62291362545061	9.698805532336822	9.775058024525377	9.85166774212084	9.92862394186267	10.005891237607962	10.083437929775322	10.161363320483295	10.239931017324556	10.318959543618718	10.39681204890458	10.472197511863847	10.551783706403132	10.651097615849228	10.754192595310766	10.781194254719049
10.721938466352265	10.694478529600028	10.590631309980619	10.491045829199326	10.41119985972655	10.3354335472006	10.257167500690139	10.177744991209467	10.09879159767482	10.020473040242793	9.942524461694443	9.864849983574665	9.78748250155191	9.710456906580658	9.633783508782711	9.557465648070824	9.481509824951852	9.405925010921909	9.330720431589787	9.255905092796713	9.181488099446234	9.107478843331007	9.033886995007457	8.960722467697044	8.8879954127257	8.815716229336134	8.743895572136598	8.672544354864334	8.60167375340996	8.531295209191152	8.46142043257185	8.392061405991459	8.323230386740406	8.254939909404047	8.187202787966026	8.120032117536978	8.053441275674846	7.987443923266593	7.92205400493653	7.857285748944448	7.793153666551735	7.729672550858094	7.666857475104647	7.60472379036658	7.5432871224624005	7.482563367910409	7.422568688941094	7.363319507809495	7.304832500690203	7.247124591167353	7.190212942969667	7.134114951502713	7.0788482339962595	7.024430618443263	6.970880131628886	6.918214986379747	6.866453567919182	6.815614419109809	6.76571622442463	6.716777792584737	6.668818037827641	6.6218559597347735	6.575910621517062	6.531001126654713	6.487146593776846	6.444366129627485	6.402678799920639	6.36210359786782	6.322659410161444	6.284364980193879	6.247238868277411	6.211299408618749	6.176564662811017	6.143052369647092	6.110779891133997	6.079764154691678	6.050021591635274	6.021568072155075	5.994418837119495	5.968588427126796	5.9440906092904715	5.920938302220118	5.899143499559126	5.878717192308311	5.85966928996952	5.842008540249987	5.825742447166806	5.810877189064166	5.797417541952661	5.785366819318402	5.774726849567627	5.765498035124628	5.757679577541991	5.751269993450484	5.746268050352454	5.7426741289486785	5.740490576757076	5.739699857473995	5.739557860098665	5.739536312368933	5.739534486144002	5.739536309926788	5.7395578408765555	5.739699739719373	5.740490121506037	5.742673588497854	5.746267722450391	5.751270191314205	5.757680632319392	5.765500299647808	5.774730700958901	5.785372660179909	5.797425800108782	5.8108883159182705	5.825756914801698	5.842026837450908	5.859691917381989	5.878744656961852	5.899176308991799	5.920976958428805	5.9441356027112136	5.968640230821384	5.994477901312362	6.021634819231079	6.050096411676737	6.079847401603928	6.1108718793838595	6.143153371618966	6.176674906770172	6.211419077261094	6.247368097838095	6.284503860082708	6.32280798309063	6.362261860436201	6.402846703617901	6.4445435822218595	6.4873334610495785	6.531197234444265	6.5761157580351455	6.622069878115459	6.669040458870358	6.717008407652407	6.765954698459132	6.8158603937280136	6.866706664554099	6.918474809432959	6.971146271602238	7.024702655019067	7.07912573903649	7.134397491940419	7.190500083571139	7.247415897149738	7.3051275401828475	7.363617854146736	7.422869922772274	7.482867079113485	7.543592911852173	7.6050312711950525	7.667166274356534	7.729982310347291	7.793464043825281	7.857596418000063	7.9223646567599	7.987754266195957	8.05375103560292	8.120341037963394	8.187510629916476	8.255246451234806	8.323535423848734	8.392364750452854	8.461721912723714	8.531594669178235	8.601971052699902	8.672839367732099	8.744188187106104	8.816006348558266	8.888282951266694	8.961007352709093	9.034169164752052	9.107758246034088	9.18176469201621	9.256178839532197	9.330991302969363	9.406192982161462	9.481774873770862	9.557727752905098	9.634042652310143	9.710713085366297	9.787735719013106	9.865100191134868	9.942771514745136	10.020716940943945	10.099033058877485	10.177984951063284	10.257403520899636	10.335657560968258	10.411414121417293	10.491295287579941	10.590962048341455	10.69468889102204	10.721938466352265
10.663163293715698	10.635460872627975	10.53098887390336	10.43104865167894	10.350905148175652	10.274768120939063	10.196102325410942	10.116291099645375	10.036954172554989	9.958245380444131	9.879898622251002	9.801820666417456	9.724045364170594	9.646607185518683	9.569516069108419	9.492775329222948	9.416391528142656	9.340373646453264	9.264730888129208	9.189472245606337	9.114606824740658	9.04014402570813	8.966093531820972	8.892465274443802	8.819269429739263	8.746516428962918	8.67421696610192	8.602382001938608	8.531022767485915	8.460150767794916	8.38977778580539	8.319915885916297	8.250577417222475	8.18177501643926	8.113521610501502	8.0458304187957	7.978714954983526	7.912189028381022	7.846266744857304	7.780962507211336	7.716291014984923	7.6522672636811855	7.588906543371087	7.526224436667781	7.4642368160259105	7.402959840305292	7.342409950551968	7.282603864979427	7.223558573130217	7.165291329151042	7.107819644084159	7.0511612771253995	6.9953342258890565	6.940356715750357	6.886247188267282	6.833024288584931	6.780706851687562	6.729313887397825	6.678864564072004	6.6293781909551335	6.580874199140559	6.533372121050957	6.4868915683363415	6.441452208065769	6.397073737069421	6.3537758542699105	6.311578230827125	6.27050047790235	6.230562111817733	6.191782516351861	6.154180901886327	6.117776261114028	6.082587321041176	6.0486324910592035	6.015929806928462	5.984496870603049	5.954350785935425	5.925508090429078	5.897984683350591	5.871795750648791	5.846955687218037	5.823478017044185	5.801375311693509	5.780659107489439	5.761339821524798	5.743426666328348	5.726927563037744	5.711849054528021	5.698196223752543	5.685972628180524	5.675180271223651	5.665819654826753	5.657889998888468	5.651389755357622	5.646317550959904	5.64267357160005	5.640459943085066	5.63965861313344	5.639514730435192	5.639492894584616	5.639491043845843	5.6394928921397165	5.639514711189402	5.63965849521888	5.640459488319804	5.642673039646797	5.64631724774604	5.651390003017834	5.657891138437722	5.665822050063577	5.675184311385052	5.685978729072211	5.698204827328409	5.71186062699347	5.726942591625102	5.743445654945402	5.7613632855122	5.780687567740537	5.801409288391578	5.823518023258498	5.847002222575247	5.871849295263736	5.898045692164452	5.925576988065978	5.954427962153867	5.9845826763877605	6.016024551242633	6.048736438256907	6.082700688924873	6.117899219611828	6.154313572317137	6.191924971242659	6.230714375235129	6.270662526259404	6.311749994125607	6.353957217737656	6.397264543151865	6.441652258730284	6.487100627647592	6.533589917975188	6.581100430536703	6.629612524711013	6.679106642344785	6.7295633299192	6.780963259095841	6.833287245748311	6.886516267565182	6.940631480282193	6.995614232581912	7.051446079713981	7.108108795939197	7.165584385936762	7.2238550952766385	7.282903419959177	7.342712114952765	7.403264201689858	7.464542974573252	7.526532006594412	7.589215154135854	7.652576560980534	7.7166006615462495	7.781272183392191	7.846576149059011	7.912497877287017	7.979022983634613	8.046137380516326	8.113827276693229	8.182079176259895	8.250879877171554	8.320216469349031	8.390076332396916	8.460447132974135	8.531316821852615	8.602673630669322	8.674506068339301	8.746802917172849	8.819553229011392	8.89274632170469	8.966371774922667	9.040419422357653	9.114879341281435	9.189741855756315	9.264997571758244	9.340637388097901	9.416652314694467	9.493033147926111	9.569770910625635	9.646859053226523	9.724294267890578	9.802066565287012	9.880141378840886	9.958484993166444	10.03719133414319	10.116526750491486	10.196334125993468	10.274988127441869	10.351115361640476	10.431293188247498	10.53131376445471	10.635668248419561	10.663163293715698
10.604869745804194	10.576924901562872	10.47182947259167	10.371536207025162	10.291096405891263	10.214590176544284	10.135526478323657	10.055328222442002	9.975609152433748	9.896511400430045	9.817767718577977	9.739287481478268	9.66110544323094	9.583255641011846	9.505747646476799	9.428584745882958	9.35177355403995	9.275323051132835	9.199242411818368	9.123540608115798	9.04822673960428	8.973310207417338	8.898800700235128	8.824708160280352	8.751042781329728	8.677815019463111	8.605035600896228	8.532715526359516	8.460866074959169	8.389498808434443	8.318625575459466	8.248258515678419	8.178410063427496	8.109092951163854	8.040320212584287	7.972105185389138	7.904461513644587	7.837403149701157	7.770944355628124	7.7050997041225715	7.63988407884994	7.5753126741726415	7.511400994228173	7.448164851327442	7.385620363651715	7.323783952221831	7.262672337091472	7.202302532689899	7.1426918422344015	7.083857851164766	7.025818419602299	6.9685916738623845	6.912195997025731	6.8566500185185815	6.801972602611434	6.748182835746313	6.695300012631129	6.643343621062356	6.592333325434909	6.542288948878402	6.493230453939274	6.445177921715072	6.398151529335285	6.352171525667604	6.3072582051103945	6.263431879313183	6.220712846644428	6.179121359196612	6.1386775870845005	6.099401579759792	6.061313224041186	6.024432198547897	5.988777924230701	5.954369510722336	5.921225698283985	5.889364795210745	5.858804610677443	5.829562383152445	5.801654704671839	5.775097441428618	5.749905651251073	5.7260934985800676	5.703674167510398	5.682659773371634	5.663061273129969	5.644888374531208	5.628149443873691	5.612851413818245	5.598999696352312	5.5865981115248875	5.575648852548281	5.566152531569064	5.558108393074604	5.55151482585422	5.546370312577511	5.542674836645804	5.540430290507504	5.539618080348506	5.539472266817978	5.539450135742702	5.539448259880871	5.539450133295762	5.539472247554064	5.539617962306607	5.540429836401453	5.542674313772274	5.546370035353886	5.5515151257012185	5.558109621312656	5.566155063476436	5.5756530900601105	5.586604484289436	5.599008661124249	5.612863452278705	5.628165059046899	5.644908086023858	5.663085611455167	5.682689273635808	5.703709362739908	5.726134912946319	5.749953793423078	5.775152798244707	5.801717735281597	5.829633513739562	5.8588842298368435	5.889453250020974	5.921323291089518	5.954476496620229	5.988894509241452	6.0245585384405675	6.061449423776662	6.099547693512525	6.138833618801073	6.179287263648308	6.220888530930163	6.263617204768322	6.307452989576261	6.352375546075897	6.398364524561214	6.445399595653074	6.493460478755533	6.542526968395198	6.59257895860307	6.643596465479771	6.695559648067458	6.748448827636461	6.802244505483164	6.856927379322738	6.91247835834062	6.968878576946745	7.026109407274024	7.084152470485609	7.142989646984628	7.202603085621159	7.26297521195035	7.324088735540036	7.38592665630192	7.448472269846538	7.511709171912654	7.575621261953388	7.640192745955814	7.705408138543823	7.771252264391893	7.8377102589723355	7.904767568666118	7.972409950276804	8.040623469992298	8.109394501839436	8.178709725674597	8.248556124752419	8.318920982915431	8.389791881450499	8.461156695652933	8.533003591108846	8.60532101966605	8.678097715128956	8.751322688978277	8.824985226457233	8.899074882099029	8.973581471755907	9.048495061705127	9.1238059705749	9.199504803355067	9.275582465115042	9.352029986144599	9.428838191924301	9.505998105048256	9.583503122428029	9.66134996394674	9.739529008580314	9.818006122123574	9.896746675687542	9.975841972679918	10.055559529826239	10.135754030144525	10.214806152269517	10.291302558853879	10.371775821131012	10.472148507695481	10.577129276550833	10.604869745804194
10.547065886571765	10.51887838294771	10.413161021048406	10.312517632918356	10.231783407099332	10.154909479231804	10.075449671404417	9.994866190739927	9.914766564568996	9.835281302570388	9.756142094244385	9.67726090034183	9.59867333707947	9.520412996610537	9.442489085006093	9.364904856991945	9.287666971064214	9.210784398039038	9.13426627576755	9.05812154888023	8.982359303508206	8.906988934415	8.832020128359684	8.75746283121469	8.683327247202	8.609623850071433	8.536363391131665	8.463556903957297	8.39121570868822	8.31935141675098	8.247975935630409	8.177101473391946	8.106740542913988	8.036905965847067	7.967610876278236	7.898868724053237	7.830693277707088	7.763098626957024	7.696099184712791	7.629709688559593	7.563945201668955	7.498821113092136	7.434353137390566	7.370557313559906	7.3074500032081104	7.245047887948988	7.183367965968264	7.122427547713995	7.062244250665906	7.002835993150545	6.944220987179502	6.886417730283321	6.829444996296181	6.773321825031755	6.718067510791316	6.663701589656413	6.610243825525527	6.557714194848547	6.506132869998539	6.455520201205838	6.405896696968874	6.357283002847258	6.309699878531719	6.263168173071212	6.217708798119251	6.173342699038767	6.130090823676859	6.0879740885887115	6.047013342455821	6.007229326409958	5.968642630944008	5.931273649068068	5.895142525360871	5.860269100581411	5.826672851551971	5.79437282610771	5.763387573029826	5.7337350670356475	5.705432629081447	5.678496842423331	5.652943465037599	5.6287873390787215	5.606042298049892	5.584721072304253	5.564835193311638	5.546394896737528	5.529409024287917	5.513884925711785	5.499828365956504	5.487243447825258	5.476132570414521	5.466496467731874	5.458334415752481	5.451644741951345	5.446425781619698	5.442677307510509	5.440400966438245	5.439577597133902	5.43942980654073	5.439407373164317	5.439405471581131	5.439407370715813	5.439429787262687	5.439577478989985	5.440400513144934	5.442676794293676	5.446425531723057	5.451645096475653	5.45833573679102	5.4664991425893055	5.476137014344622	5.487250104996717	5.499837708633939	5.513897451759445	5.529425253190489	5.546415364392588	5.5648604458846815	5.584751659451986	5.606078765811985	5.628830222715133	5.652993282053101	5.678554085978025	5.70549776194065	5.733808516168362	5.763469724925019	5.794464022843823	5.826773387628161	5.860379220499013	5.895262421929471	5.931403462401361	5.968782448105023	6.007379181661809	6.047173218072317	6.088143916177742	6.130270485968529	6.173532032089211	6.217907593880213	6.263376182274866	6.30991681383986	6.357508542214222	6.406130487168367	6.45576186147307	6.506381995740977	6.557970361380798	6.610506591786571	6.66397050187025	6.718342106035327	6.77360163468035	6.8297295493109536	6.886706556324478	6.944513619516859	7.003131971355664	7.0625431230704585	7.122728873623234	7.183671317622793	7.245352852232305	7.307756183101249	7.370864329347775	7.434660627627487	7.499128735336683	7.564252633000649	7.630016625891808	7.696405344917408	7.763403746816948	7.83099711371292	7.899171052060623	7.967911491042895	8.03720468045537	8.107037188128352	8.177395896931781	8.248268001410603	8.319641004100195	8.391502711567313	8.463841230193658	8.536644961677302	8.609902598282504	8.683603118126463	8.757735780862575	8.832290122915397	8.907255949341483	8.982623322522153	9.058382562860254	9.134524281649654	9.211039397404228	9.28791896782722	9.365153855116667	9.442735090770487	9.52065602720697	9.598913415678235	9.677498002160972	9.75637609719322	9.835512199433028	9.914995009690802	9.99509312730225	10.075672951832038	10.155121407781593	10.23198549610756	10.312752333854807	10.413474201921602	10.519079745180358	10.547065886571765
10.489757653758849	10.461327777987082	10.354990858340212	10.254000162056748	10.172973016078387	10.095732751295406	10.01587866703828	9.934911829671215	9.85443326933824	9.774561971839224	9.695028666572403	9.615747884805513	9.536756062049035	9.458086331109742	9.379747533062574	9.301742887488869	9.224079087691013	9.14676508594929	9.0698099754999	8.993222666260383	8.917012223396751	8.841188027623362	8.765759756113885	8.690737350778084	8.616131018684294	8.541951243644705	8.468208794449286	8.394914729913614	8.322080403628432	8.24971746915841	8.177837885300528	8.106453921114237	8.035578160687873	7.965223507654497	7.895403189430489	7.826130761126327	7.75742010907802	7.689285453950678	7.621741353365845	7.554802704003505	7.488484743129644	7.422803049500468	7.357773543594183	7.293412487120705	7.229736481759867	7.166762467080367	7.1045077175950055	7.042989838911755	6.982226762942439	6.9222367421290345	6.863038342642261	6.804650436502264	6.74709219257129	6.690383066373142	6.634542788699024	6.579591352958545	6.525549001227216	6.47243620893127	6.420273668101135	6.369082269117184	6.31888308086342	6.269697329194825	6.221546373611419	6.174451682016569	6.128434803418142	6.083517338407841	6.039720907226201	5.997067115188124	5.955577515207246	5.915273567118073	5.876176593455849	5.838307731320834	5.8016878799338185	5.7663376434926015	5.7322772689747445	5.699526578607765	5.668104896847227	5.638030971865298	5.609322891751928	5.581997995849837	5.556072781840414	5.531562809320933	5.50848260065867	5.486845539892782	5.466663770291816	5.447948090768051	5.430707851199782	5.414950848070167	5.400683225320128	5.387909390501641	5.3766319661726945	5.366851821001664	5.358568270118722	5.351779581909558	5.34648394095202	5.342680900861067	5.340371850056767	5.339537032846049	5.339387217638917	5.339364474650212	5.339362546721853	5.339364472200349	5.33938719834879	5.3395369146150475	5.340371397695769	5.342680397851186	5.346483719730477	5.351779993683014	5.358569688256068	5.366854645420249	5.376636626108389	5.38791634536537	5.4006929636374075	5.414963884631764	5.430724722646122	5.447969349893922	5.466689979394633	5.486877263500045	5.508520397960005	5.531607226601024	5.556124345167141	5.582057204222934	5.609390210866821	5.63810682859866	5.66818967452816	5.699620613103435	5.732380845592075	5.7664509946779035	5.801811183738876	5.838441110595437	5.876320115721645	5.915427245075556	5.955741307825684	5.99724092932682	6.0399045997340535	6.083710718647048	6.128637636156874	6.174663690634844	6.221767243564288	6.269926711677549	6.319120596624478	6.369327512366827	6.42052621046561	6.472695603405736	6.525814786083586	6.579863055568044	6.634819929232897	6.69066516134874	6.747378758214692	6.804940991902632	6.863332412677092	6.922533860143513	6.982526473169988	7.043291698626763	7.104811298992718	7.167067358883053	7.23004229055243	7.293718838422709	7.358080082678711	7.42310944197328	7.488790675284503	7.5551078829713845	7.62204550707679	7.689588330927525	7.757721478080926	7.826430410666696	7.8957009271723795	7.965519159721448	8.03587157089352	8.106744950135964	8.178126409816635	8.250003380970142	8.322363608787793	8.3951951478752	8.468486357258694	8.542225895167634	8.61640271387018	8.69100605493918	8.766025444183244	8.84145068334032	8.917271838389821	8.993479239072348	9.070063510595764	9.147015592411334	9.224326576991434	9.301987371155683	9.379989024626473	9.458324854387387	9.536991646823104	9.615980514462384	9.695258227186951	9.774788454440888	9.854657309954517	9.935134371661798	10.016097655928855	10.09594061788567	10.173171040069503	10.254229963635744	10.355298190185541	10.461526114749843	10.489757653758849
10.432948464546714	10.40427684310946	10.297323194269143	10.195987746552785	10.114668983383847	10.037063816605945	9.956817447569625	9.875469244811962	9.794613473549346	9.714357727755333	9.634431886642558	9.554753031022006	9.475358369197087	9.396280559696235	9.317528079167893	9.2391041080372	9.161015364926227	9.083270773794442	9.005879374842964	8.9288500353307	8.85219179130771	8.775914001115007	8.700026324018419	8.624538689681165	8.549461299736757	8.474804639761476	8.400579487717197	8.326796919352518	8.25346831341382	8.180605357333237	8.108220052988639	8.036324722259558	7.9649320123485605	7.89405490087781	7.8237067007296535	7.753901064577631	7.6846519890541485	7.615973818503953	7.547881248272208	7.480389327474344	7.4135134611939	7.347269412054361	7.281673301111029	7.216741608008826	7.152491170352151	7.088939182233916	7.026103191872935	6.964001098310931	6.90265114712123	6.842071925080613	6.782282353754879	6.723301681950041	6.665149476983888	6.607845614734962	6.551410268424803	6.495863896084641	6.441227226651105	6.38752124462882	6.334767173251437	6.282986456065215	6.232200736850114	6.182431837781803	6.133701735724488	6.086032536528486	6.039446447187635	5.993965745688832	5.9496127483582715	5.906409774475555	5.864379107887211	5.823542955306829	5.783923400942664	5.745542357050489	5.708421509977522	5.672582261252111	5.638045663295067	5.604832349392146	5.572962457679876	5.542455549061626	5.5133305191854936	5.48560550486351	5.459297785549188	5.434423680665129	5.410998443674045	5.389036153824962	5.368549606375448	5.3495502016755605	5.332047833299196	5.316050776686965	5.301565583131291	5.288596988938564	5.27714785935739	5.26721921177826	5.25881040900592	5.25191966299552	5.246545004296277	5.242685758535063	5.240343042267327	5.239496476664928	5.239344587402904	5.239321527167273	5.239319572239789	5.239321524716027	5.239344568100959	5.239496358351162	5.240342590920504	5.242685266248432	5.2465448131014645	5.251920134667159	5.2588119287317285	5.267222192719596	5.277152745443882	5.288604255593835	5.301575735938118	5.3160643481442	5.332065377925388	5.34957228978183	5.368576816866838	5.389069066398507	5.411037630765926	5.434469699463126	5.459351170337294	5.48566675990976	5.513400112327781	5.542533906094036	5.573049957596971	5.604929320512351	5.638152380257105	5.672698942859193	5.708548317851462	5.745679395050147	5.784070715296507	5.823700535406498	5.864546887686953	5.906587634440679	5.94980051790411	5.9941632060503585	6.039653334658778	6.086248546009717	6.133926524517485	6.182665029570913	6.232441925812097	6.283235211051175	6.335023041987866	6.387783757888206	6.441495902346425	6.496138243246226	6.551689791022351	6.608129815311892	6.66543786007567	6.723593757262629	6.782577639083798	6.842369948955703	6.902951451166466	6.96430323931286	7.0264067435554445	7.089243736741032	7.152796339444649	7.217047023984148	7.281978617459741	7.347574303869526	7.413817625352334	7.480692482610656	7.548183134567653	7.616274197312499	7.684950642387671	7.754197794471214	7.824001328506678	7.894347266333336	7.965221972868775	8.036612151895092	8.10850484150005	8.180887409227982	8.253747546994413	8.327073265794569	8.400852890192564	8.475075052615654	8.54972868772111	8.62480302722843	8.700287594531533	8.776172196220903	8.852446910041472	8.929102083282597	9.00612836329801	9.08351671856881	9.161258284272689	9.239344020324904	9.31776500457829	9.396514528227735	9.475589416947582	9.554981149396887	9.634656970045773	9.71457976613722	9.79483308531642	9.875687372755841	9.957032128161448	10.037267608655478	10.114862942761965	10.196212664796137	10.297624685536565	10.40447214277388	10.432948464546714
10.376641197286197	10.347728535182108	10.240161112069119	10.138483469438532	10.056874487572301	9.97890603561911	9.898269550758398	9.816542129999474	9.735311032604812	9.654672605379849	9.57435598278651	9.494280768872864	9.414484897300547	9.335000537916526	9.255835803333484	9.176993830070483	9.09848135185404	9.020307253929209	8.942480514447187	8.86500994943193	8.787904557014825	8.711173664182752	8.63482690331195	8.558874182872158	8.483325690115645	8.408191903419809	8.33348360094605	8.259211866406432	8.185388094745967	8.11202399832927	8.03913161321388	7.9667233052464255	7.894811775956153	7.823410068252799	7.752531571893968	7.68219002866621	7.6123995372240545	7.5431745575338125	7.474529914867953	7.406480803293645	7.339042788597356	7.272231810586247	7.20606418470661	7.14055660291942	7.075726133773202	7.01159022161499	6.948166684881024	6.8854737134098105	6.823529864721747	6.7623540592114795	6.701965574201678	6.642384036809427	6.5836294155777	6.525722010823932	6.4686824436556005	6.412531643599564	6.357290834788059	6.302981520639408	6.249625466964893	6.197244683424862	6.1458614032465855	6.095498061104359	6.046177269048427	5.997921790353399	5.950754511137951	5.9046984095849915	5.859776522563492	5.816011909418889	5.773427612657496	5.732046615202235	5.691891793844337	5.652985868463094	5.615351346540596	5.579010462471396	5.543985111170936	5.510296775534475	5.4779664473999965	5.447014541831502	5.417460804764774	5.389324214332444	5.362622876465087	5.337373915595787	5.313593361462417	5.291296033105714	5.2704954210759025	5.2512035684501095	5.233430951022349	5.217186358231498	5.202476779630525	5.189307306499162	5.177681067826754	5.167599245179538	5.1590612585001265	5.1520652664596	5.146609142297846	5.142691974402848	5.140314593176165	5.139455966109752	5.139301951400099	5.139278565980131	5.1392765833741425	5.139278563527334	5.139301932085281	5.139455847708811	5.140314142892341	5.1426914933272805	5.146608982491901	5.1520658007666755	5.1590628845140545	5.16760238998623	5.177686190813783	5.1893148999258605	5.2024873669816785	5.217200490535395	5.233449201425022	5.251226525408895	5.270523680571357	5.291330190275581	5.313634002038658	5.337421607481336	5.362678161729375	5.389387601841402	5.4175327635989206	5.447095495589187	5.478056769435543	5.510396785143749	5.5440950707098136	5.579130575374181	5.6154817561937245	5.653126657882443	5.692042986100284	5.73220817453375	5.773599446214451	5.816193869569707	5.8599684097034475	5.9048999753789255	5.950965462130194	5.998141791877483	6.04640594936979	6.095735015730755	6.146106199343267	6.197496864274644	6.2498845564169	6.303247027494426	6.357562257072991	6.412808472688224	6.468964168198159	6.526008120452354	6.583919404359738	6.642677406428766	6.702261836846847	6.762652740161033	6.823830504617942	6.885775870217496	6.948469935532723	7.011894163347252	7.076030385163159	7.140860804634152	7.206367999981342	7.272534925450576	7.33934491187124	7.406781666376952	7.474829271348597	7.543472182639829	7.612695227144484	7.682483599764345	7.75282285983457	7.823698927062872	7.89509807703704	7.967006936353681	8.03941247742108	8.11230201299219	8.18566319048436	8.259483986120607	8.333752698884016	8.408457944307093	8.483588648353747	8.559134041801538	8.635083654517587	8.711427306800058	8.788155097001553	8.865257398831377	8.942724890665435	9.020548578733475	9.098719649448437	9.177229124846594	9.256068121383835	9.335229914809478	9.414711374965938	9.494504346393118	9.57457656286816	9.654890177420732	9.73552619806138	9.81675583047033	9.898479911570757	9.979105744807729	10.057064385828083	10.138703523242732	10.240456775289545	10.347920788774411	10.376641197286197
10.320839062196603	10.291686080282838	10.183507923497544	10.081490766728987	9.999593125861168	9.921263168463486	9.840238883809233	9.758134538778744	9.676530162333442	9.595510998871417	9.514805536999024	9.43433587487071	9.354140624760106	9.274251454095639	9.19467611141798	9.115417683795082	9.036482909215293	8.957880623318616	8.879619732668793	8.801708992896218	8.724157354802804	8.646974104428397	8.570168837662804	8.493751432215307	8.417732051387624	8.342121156772409	8.266929517136399	8.192168214563878	8.117848650617672	8.043982553031103	7.9705819825029085	7.897659339344439	7.825227369958936	7.753299173157757	7.681888206276256	7.611008291032053	7.540673619068657	7.470898757129104	7.401698651802366	7.333088633782336	7.26508442157666	7.197702124600815	7.130958245591441	7.064869682272115	6.999453728204431	6.934728072757644	6.87071080013097	6.807420387364164	6.7448757012742195	6.683095994258658	6.622100898908596	6.561910421376949	6.502544933448324	6.444025163257392	6.386372184601977	6.329607404795532	6.273752551000768	6.218829654981319	6.164861036201541	6.11186928319554	6.0598772331158415	6.008907949359638	5.958984697156324	5.910130916983685	5.86237019566089	5.815726234943631	5.770222817418674	5.725883769460316	5.682732920968783	5.640794061559438	5.600090892813737	5.560646976141061	5.522485675742287	5.485630096121979	5.450103013580424	5.415926801145069	5.383123346486724	5.351713962521085	5.321719290627715	5.293159196716333	5.26605266069238	5.240417660164181	5.2162710494750355	5.1936284353257145	5.172504050229397	5.152910624650762	5.134859258413547	5.118359293096605	5.103418190243507	5.0900414247834345	5.078232412524532	5.067992516217363	5.0593212234639795	5.052216643351315	5.0466764885818325	5.04269960063135	5.040286508610739	5.039415493936326	5.039259300433927	5.03923558159351	5.039233570604421	5.039235579138905	5.039259281104336	5.039415375437508	5.040286059414074	5.042699131238804	5.046676361554427	5.052217243142457	5.059322960707754	5.06799583265735	5.078237783826417	5.090049360920908	5.103429233498799	5.118374013889571	5.13487824929342	5.152934492859277	5.172533409278315	5.193663896030907	5.21631321085831	5.240467100580338	5.266109929471937	5.2932248065431065	5.321793710801979	5.351797613198574	5.383216593934192	5.416029954015419	5.45021632018378	5.485753742651545	5.522619785403033	5.560791609122905	5.600246047046945	5.640959674187102	5.682908870468867	5.7260698783474115	5.7704188554536815	5.815931922778068	5.862585208841787	5.910354890245371	5.959217228926541	6.009148606409693	6.060125555287528	6.112124788141283	6.165123224078598	6.2190980130456195	6.274026558051166	6.329886535424736	6.386655913216133	6.444312967832186	6.502836298995349	6.562204843099997	6.62239788503516	6.683395068537408	6.745176405134313	6.80772228173703	6.871013466939558	6.935031116082132	6.999756775137097	7.065172383477435	7.131260275590513	7.198003181802079	7.265384228077252	7.333386934966301	7.401995215763266	7.4711933739449075	7.5409660999563535	7.61129846740796	7.682175928745774	7.753584310455564	7.825509807857835	7.897938979548577	7.9708587415394865	8.044256361154108	8.1181194507374	8.192435961216642	8.267194175508616	8.342382701791838	8.417990466891215	8.494006710195645	8.570420977579415	8.647223112549733	8.724403243548508	8.801951780202577	8.879859441398164	8.958117280426514	9.036716544020162	9.115648325845127	9.19490379188517	9.274476213373243	9.35436250996349	9.434554892235354	9.51502159731339	9.595724091323074	9.676740871990251	9.758343805444683	9.840444919633617	9.921458791783733	9.999778970713056	10.081705978836423	10.183797775834137	10.291875281687814	10.320839062196603
10.265545495819303	10.236152958949114	10.127367233107996	10.025013342204966	9.942828710079096	9.864139146758962	9.78272949859209	9.700250648551021	9.618275180528292	9.536877380914355	9.45578518680017	9.374923159718454	9.29433054461828	9.214038493226699	9.134054389475468	9.054381264707898	8.975025849783094	8.895996919383606	8.81730329842884	8.73895367240702	8.6609569347603	8.583322320360612	8.506059378378158	8.429177945549041	8.352688151003022	8.276600429307004	8.200925529581657	8.12567452203183	8.050858804591615	7.97649011012539	7.902580513749573	7.829142440038341	7.756188670098986	7.6837323485207065	7.611786990157938	7.540366486690521	7.469485112902946	7.399157532625555	7.3293988042775595	7.260224385947759	7.191650139945329	7.123692336750385	7.0563676582917525	6.989693200477951	6.923686474906472	6.858365409676706	6.793748349232696	6.729854053163715	6.666701693892925	6.604310853187025	6.5427015174224765	6.481894071546332	6.421909291671875	6.362768336250702	6.304492735763602	6.247104380871802	6.190625508967776	6.135078689060305	6.080486804921978	6.026873036418625	5.974260838929439	5.922673920753765	5.8721362183856165	5.8226718695199295	5.774305183634767	5.727060609970345	5.680962702697593	5.636036083034063	5.5923053980217725	5.549795275628488	5.508530275771498	5.468534836793053	5.429833216845807	5.392449429585158	5.3564071735282806	5.3217297544446245	5.288440000206915	5.256560167672535	5.226111841395704	5.197115824286457	5.169592020694403	5.143559312747913	5.119035431102774	5.096036821529207	5.074578508822451	5.054673959171642	5.036334941844324	5.019571392123231	5.0043912804022455	4.990800496674414	4.97880276891342	4.968399659808439	4.959590736336496	4.9523740623334405	4.9467471868160455	4.942708694236665	4.9402587963871785	4.9393750542321255	4.939216626553922	4.939192565740006	4.939190525635909	4.939192563283274	4.939216607207038	4.9393749356201235	4.940258348284467	4.942708236996662	4.946747094004971	4.9523747305984145	4.959592590035511	4.968403156131384	4.978808400683093	4.990808792515516	5.004402802341962	5.0195867308760205	5.036354710163199	5.054698783725906	5.074609021093419	5.096073648207595	5.119079184430625	5.143610581183378	5.169651360200276	5.197183750463366	5.226188822606155	5.256646619237531	5.288536279705655	5.321836158109895	5.356523933704241	5.392576713197706	5.4299711248257765	5.468683404386559	5.508689473667849	5.549965011832979	5.592485520397967	5.636226382437584	5.681162916621449	5.727270426620606	5.774524246355192	5.822899781485174	5.872372547484689	5.922918204588468	5.974512589856412	6.027131746568088	6.080751951131281	6.135349737665854	6.190901920404744	6.247385614037153	6.304778252104496	6.363057603546957	6.4222017874879525	6.482189286335023	6.542998957268855	6.604610042187444	6.667002176169347	6.730155394518771	6.794050138455262	6.8586672595116775	6.923988022705785	6.989994108552769	7.056667613988319	7.12399105227429	7.1919473519608985	7.260519854980805	7.329692313950913	7.399448888757116	7.469774142495638	7.540653036842105	7.612070926916374	7.684013555707576	7.756467048120039	7.8294179046967	7.902852995074273	7.976759551226083	8.051125160549685	8.125937758838448	8.201185623133876	8.27685736447326	8.352941920768561	8.42942855024743	8.506306825002333	8.583566621927838	8.66119810970695	8.739191744037896	8.817538294444368	8.896228871210079	8.975254791045668	9.054607229244935	9.134277412665195	9.214258619456162	9.294547825415828	9.37513760779055	9.45599672061381	9.537085989600692	9.61848143318344	9.700455482526506	9.782931210793118	9.864330686765802	9.943010513772304	10.025223739521516	10.127651296354408	10.236339104611773	10.265545495819303
10.210763932986572	10.181132667045402	10.071742663173127	9.969054866614849	9.886584974416438	9.807537801560885	9.72574533181836	9.642894505766664	9.560550256592503	9.478776059019372	9.397299389700132	9.316047241337127	9.235059446197349	9.154366627366251	9.073975803163314	8.993889942267794	8.91411575649237	8.834661947731817	8.755537248652603	8.676750264225078	8.598309819840164	8.520225088305146	8.442505561147563	8.365161023213993	8.288201558527396	8.211637563668358	8.135479757135569	8.059739186272653	7.98442723440111	7.909555628532247	7.835136447218609	7.761182128323269	7.687705476699116	7.614719671781873	7.542238275057483	7.470275237346486	7.3988449058475645	7.32796203088175	7.257641772274545	7.187899705308016	7.118751826170351	7.050214556826669	6.982304749231886	6.915039688804108	6.84843709707583	6.782515133439836	6.717292395907465	6.652787920798333	6.589021181282895	6.526012084701757	6.463780968588715	6.402348595327414	6.341736145374493	6.281965208984388	6.223057776372476	6.165036226253412	6.107923312689982	6.051742150184369	5.9965161969380025	5.942269236198046	5.889025355598014	5.836808924386911	5.785644568425654	5.735557142811679	5.68657170197183	5.638713467039623	5.59200779030429	5.546480116484004	5.502155940531931	5.459060761629621	5.417220032956354	5.37665910674661	5.337403174065472	5.299477198653053	5.262905844129237	5.227713393828094	5.193923662568431	5.161559899785954	5.130644683673673	5.101199806303345	5.073246150098058	5.0468035564418	5.021890687625028	4.998524883707404	4.976722016035534	4.956496338865682	4.937860340276391	4.9208245945948725	4.9053976213985635	4.891585760213102	4.879393079065479	4.868821361300528	4.859870266334985	4.852537817812295	4.846821398028356	4.84271932384348	4.8402314727433176	4.839334648709668	4.839173929321852	4.839149517645397	4.839147447665374	4.839149515186132	4.839173909954529	4.839334529965152	4.840231025728282	4.842718879233917	4.846821340939307	4.852538557713504	4.859872242044629	4.8688250463021285	4.8793989842795735	4.891594433912005	4.905409646354771	4.920840582760536	4.9378809254311085	4.956522167749916	4.976753738514631	4.998563142494574	5.021936108039253	5.04685673659953	5.073307651848703	5.10127014712929	5.1307243296943446	5.161649259937476	5.194023083977823	5.22782315836344	5.263026166082316	5.2996082234955475	5.337544978210643	5.376811698242604	5.417383353033182	5.45923468701832	5.502340286471166	5.5466746403267155	5.592212195635027	5.638927408212559	5.6867947889801	5.735788946400659	5.785884625366009	5.837056742827324	5.889280420422394	5.942531014317309	5.996784142452334	6.052015709357949	6.108201928686716	6.16531934358903	6.2233448450456	6.2822556882566625	6.342029507177485	6.402644327281535	6.46407857662674	6.526311095296295	6.58932114328334	6.6530884068881955	6.717593003697466	6.782815486215872	6.848736844223817	6.915338505936055	6.982602338039316	7.050510644689068	7.1190461655474495	7.188192072945797	7.257931968255514	7.328249877550305	7.399130246640858	7.470557935560009	7.542518212572368	7.614996747777805	7.687979606372886	7.761453241628834	7.835404487640569	7.909820551901568	7.984689007760134	8.059997786795874	8.13573517111327	8.21188978556135	8.288450590102189	8.365406872766414	8.442748242813469	8.52046462144041	8.598546228453076	8.67698357649038	8.755767496536974	8.834889166472122	8.914339983267926	8.994111214378322	9.07419415932627	9.15458211509666	9.23527212058582	9.316257120758637	9.397506399738239	9.478980188723952	9.560752059352003	9.643094915731844	9.725942728491214	9.807725266507449	9.886762753812574	9.96926048022919	10.072020963623274	10.181315755805683	10.210763932986572
10.156497759215798	10.126628642543762	10.016637748266843	9.913618897364211	9.830865525345839	9.75146282546237	9.669290169832275	9.586069993942761	9.50335938509864	9.42121115521631	9.339352408438023	9.25771253493999	9.176331909523924	9.095240614071045	9.014445299881816	8.933948865419426	8.853757991030397	8.773881293513837	8.694327402112547	8.615104830259712	8.536222323919043	8.457688982229518	8.379514227424924	8.30170778079816	8.224279669567492	8.147240240592524	8.070600169990682	7.994370470470228	7.9185624989545085	7.843187964805801	7.768258938208241	7.693787858504273	7.619787542484017	7.546271192632163	7.4732524052936675	7.400745178702056	7.328763920813046	7.257323456884194	7.186439036735605	7.116126341620293	7.046401490627069	6.977281046534088	6.908782021027148	6.840921879193803	6.773718543202402	6.707190395074207	6.641356278456985	6.5762354993094805	6.511847825408168	6.448213484590167	6.3853531616493315	6.323287993805824	6.262039564672883	6.201629896647533	6.1420814416543745	6.083417070172984	6.0256600584792	5.968834074028545	5.912963158905465	5.858071711254919	5.804184464602645	5.751326464957306	5.699523045571619	5.648799799220591	5.599182547833147	5.550697309288135	5.50337026115624	5.457227701133662	5.412296003869524	5.368601573834095	5.3261707938070195	5.2850299684831725	5.245205262601516	5.206722632907337	5.169607753175127	5.13388593146776	5.099582018812175	5.066720308560683	5.0353244259092795	5.005417207371284	4.977020570430252	4.950155374072986	4.924841271412255	4.901096556112908	4.878938004614403	4.858380715944611	4.839437950694723	4.822120971745878	4.806438892050156	4.7923985385448375	4.780004350047906	4.769258353486817	4.760160315309274	4.752708224856431	4.746899294819227	4.742731563417517	4.740204555809459	4.739294280130932	4.739131209241166	4.73910643746084	4.739104336813646	4.7391064349985506	4.739131189849619	4.7392941612309105	4.740204109866113	4.742731131934328	4.746899275044699	4.752709039760362	4.7601624189626435	4.769262236576635	4.780010542598147	4.792407609534442	4.806451446050935	4.822137642929605	4.839459394709037	4.85840760023918	4.878970997820961	4.90113631705547	4.924888438257702	4.950210554040984	4.977084330379849	5.005490065482463	5.035406844590109	5.066812688639507	5.099684695021	5.133999169186205	5.1697317463807355	5.206857503263782	5.2453510596075645	5.285186670599493	5.326338310473208	5.368779748284137	5.412484616650129	5.457426474227107	5.503578862607778	5.550915358238185	5.599409619856238	5.649035431876377	5.699766744077827	5.751577707899914	5.804442709604513	5.8583364005305505	5.913233724636106	5.969109943498787	6.025940658923451	6.0837018332877575	6.142369807740367	6.201921318353682	6.26233351032311	6.323583950297516	6.3856506369207455	6.448512009661422	6.512146956007204	6.576534817100064	6.641655391890409	6.707488939889849	6.774016182604744	6.841218303735149	6.909076948226147	6.977574220260763	7.046692680285185	7.116415341158135	7.186725663516204	7.257607550445941	7.329045341551146	7.401023806500176	7.473528138133272	7.5465439452041485	7.620057244823513	7.69405445466506	7.768522384988627	7.8434482305336655	7.9188195623361795	7.994624319506167	8.070850800960855	8.147487657115617	8.224523881740385	8.301948804423123	8.379752083325974	8.457923695645986	8.536453923966308	8.615333349491815	8.694552876225597	8.77410376095155	8.853977491841333	8.934165439600518	9.014658988669092	9.09545146725668	9.176539984884998	9.257917855646626	9.339554906508543	9.421410819438886	9.503556753271969	9.5862659961706	9.66948326593943	9.75164622949741	9.8310393020972	9.913819762625806	10.016910316727035	10.126808675688316	10.156497759215798
10.102750365630987	10.072644312544679	9.962055977132463	9.858708935477154	9.7756739071341	9.695917836557733	9.613367709156003	9.529780892617726	9.446706444020336	9.364186663115133	9.281948366170418	9.199923305890755	9.11815235559352	9.036665043864708	8.955467653250357	8.874563003908333	8.793957731858518	8.713660356062539	8.633679390637267	8.554023245836591	8.47470057614696	8.395720394727796	8.31709204212847	8.238825163654424	8.160929717226914	8.083415987435535	8.006294595426029	7.929576506651085	7.853273038990694	7.777395871490114	7.701957053276676	7.626969012466985	7.552444565071791	7.478396923904983	7.404839707459618	7.331786948696908	7.259253103692239	7.187253060078784	7.115802145222243	7.0449161340524915	6.974611256470956	6.904904204246658	6.835812137308725	6.7673526893392015	6.6995439725670645	6.632404581662663	6.565953596631185	6.500210584604215	6.435195600429742	6.370929185963248	6.307432367965278	6.24472665451434	6.182834029847636	6.1217769475458645	6.061578321981742	6.0022615179545955	5.94385033843472	5.886369010340757	5.829842168270425	5.774294836099016	5.719752406350866	5.66624061723616	5.613785527229087	5.562413487043451	5.512151108838574	5.463025232461547	5.415062888500862	5.368291257889853	5.322737627753973	5.278429343140747	5.235393754202263	5.193658158315109	5.153249736522485	5.114195483573663	5.076522130729918	5.040256060423108	5.005423211819896	4.972048976395448	4.940158082792542	4.909774470558005	4.880921152791939	4.853620068278082	4.827891924271335	4.803756031758218	4.781230135431824	4.760330240545579	4.741070438659063	4.7234627353217515	4.707516885340619	4.693240244756708	4.680637657118029	4.669711418353859	4.660461418263439	4.652885618728148	4.6469810601445385	4.642745490539385	4.640178063607751	4.639253950256127	4.639088465702695	4.639063324207729	4.639061192070346	4.639063321741885	4.639088446282827	4.639253831175618	4.640177618717278	4.642745072709889	4.646981079385438	4.65288651223813	4.660463656219292	4.669715509623292	4.680644151903998	4.69324973386997	4.7075299962617985	4.723480125462165	4.741092786390593	4.760358234652545	4.781264463652626	4.80379736904413	4.827940921307854	4.853677340706958	4.880987271456481	4.909849952984923	4.940243386029679	4.9721444912508055	5.0055292584939615	5.040372885490964	5.076649905407619	5.114334303190176	5.153399621110182	5.193819054225595	5.235565536648829	5.278611819563707	5.322930541900895	5.36849429449984	5.415275678481155	5.4632473584458765	5.512382111019984	5.562652869179216	5.614032762721523	5.666495155200096	5.720013677585844	5.774562258891916	5.83011515396181	5.886646968596126	5.944132682169875	6.0025476678727525	6.0618677106887295	6.122069023218824	6.183128259441829	6.245022526501785	6.307729394607752	6.371226905130271	6.435493576979328	6.50050841135016	6.566250894925308	6.632701001623671	6.699839192989711	6.767646417318218	6.8361041076119875	6.905194178471393	6.974899022015849	7.045201502937556	7.116084952787408	7.187533163591331	7.259530380892432	7.332061296310097	7.40511103970158	7.478665171004859	7.552709671833759	7.627230936887664	7.702215765230496	7.777651351490205	7.853525277028773	7.929825501116927	8.006540352105855	8.083658518589319	8.16116904074713	8.239061302311175	8.31732502290269	8.395950248224022	8.474927336080475	8.55424694863473	8.63390007520366	8.713878063488213	8.794172504443454	8.874774883661276	8.955676683180927	9.036871275249192	9.118355848046845	9.200124086489447	9.282146372617158	9.364381883639268	9.446899400824304	9.529972510821704	9.613556526517643	9.696097199836764	9.775843707845869	9.858905092127712	9.962322849037895	10.072821293939944	10.102750365630987
10.049525204227551	10.019183151153513	9.908000855310977	9.80432848751804	9.721013658965651	9.6409064307897	9.557981605454872	9.474030923388954	9.390595237446412	9.307706486809996	9.225091281300221	9.14268370034458	9.060525072753075	8.978644362301798	8.897047480817108	8.815737161638875	8.734719983263403	8.65400435372329	8.573598659843537	8.493511196488374	8.413750513983286	8.334325526514288	8.255245479825303	8.176519930024833	8.098158752429978	8.020172155963618	7.942570693333765	7.865365269217904	7.788567148888108	7.712187967468716	7.63623973939212	7.560734867881994	7.485686154479655	7.411106808622668	7.3370104572413375	7.2634111543221325	7.19032339038442	7.117762101811963	7.045742679972217	6.974280980047337	6.903393329492636	6.833096536031052	6.763407895085844	6.694345196548602	6.625926730775561	6.558171293702441	6.491098190966368	6.424727240922803	6.3590787764459185	6.294173645402264	6.230033209689929	6.166679342738522	6.104134425369183	6.042421339918132	5.981563462531639	5.921584653544386	5.862509245856262	5.804362031224086	5.74716824438376	5.690953544914283	5.635743996747272	5.581566045213663	5.528446491503057	5.4764124643905605	5.425491389061298	5.375710952834147	5.327099067553143	5.279683828376796	5.23349346865017	5.188556310488956	5.1449007106354445	5.102555001059401	5.061547423671003	5.021906058391203	4.983658743697479	4.946832988647994	4.911455875312547	4.8775539505432155	4.845153106148049	4.814278446821585	4.7849541456339075	4.757203287459448	4.731047701432959	4.706507784307198	4.683602317183776	4.662348278167366	4.642760653457608	4.624852250476433	4.608633519139077	4.594112390550947	4.581294150530283	4.570181392242104	4.5607741471191625	4.553070357516487	4.547066889091643	4.542761187594975	4.540152014919484	4.539213660629557	4.539045697757912	4.539020176548495	4.539018012064465	4.539020174078651	4.539045678306118	4.539213541345483	4.540151571074025	4.542760783999208	4.547066949185503	4.553071333509439	4.560776526211107	4.570185702531562	4.581300963550804	4.59412232014194	4.60864721685834	4.624870398032868	4.642783952814519	4.662377440048784	4.683638048721415	4.706550776509528	4.7310986170574925	4.757262749744058	4.7850227282125575	4.814356665029887	4.845241409824125	4.877652718353381	4.911565410578305	4.946953516617031	4.983790410181042	5.02204892967804	5.061701487619711	5.102720169264199	5.14507682155383	5.1887431334137855	5.233690708404066	5.279891130604183	5.327316024485192	5.375937109404526	5.425726249255557	5.476655497718801	5.528697139493472	5.581823727833259	5.636008118665054	5.691223501531073	5.747443427561948	5.804641834659525	5.862793070043623	5.9218719102966615	5.981853579023958	6.042713762235865	6.104428621550106	6.166974805308473	6.23032945770068	6.294470225988822	6.359375265927908	6.425023245480739	6.491393346928203	6.558465267478857	6.626219218483894	6.694635923365393	6.76369661436694	6.833383028236359	6.903677400950317	6.974562461589916	7.046021425474922	7.118037986661812	7.190596309907186	7.263681022193059	7.3372772039041925	7.411370379740019	7.485946509434723	7.5609919783491835	7.636493587989029	7.712438546497858	7.788814459171951	7.8656093190270315	7.94281149740541	8.020409734607284	8.09839313071879	8.176751137073854	8.2554735481567	8.334550491501352	8.413972413370361	8.493730070029498	8.573814549117367	8.654217301931515	8.73493003439454	8.815944359107682	8.897251868753857	8.978845992763766	9.060724006417292	9.142879967344797	9.225284824262049	9.307897293041774	9.39078381346102	9.47421818831825	9.558166172495282	9.641081779369614	9.721179515198706	9.804519979739467	9.908262070807929	10.019357087350258	10.049525204227551
9.996825820166945	9.9662487147134	9.854475943465777	9.75048109977157	9.6668883445157	9.58643220909142	9.503135499113773	9.418823773474385	9.335029516526417	9.251774458913292	9.168785082489462	9.085997757151217	9.003454225391327	8.921182875355736	8.83918924609089	8.757475975337385	8.676049570677623	8.59491831589478	8.51409045799516	8.433574163761621	8.353377866110618	8.273510366627669	8.1939808024288	8.11479862644961	8.035973617271786	7.957515893881214	7.879435926166376	7.801744543558769	7.724452944178153	7.647572704621524	7.571115789968022	7.495094563847121	7.419521798594432	7.344410685507836	7.269774845173272	7.195628337813562	7.1219856736101566	7.048861822941473	6.976272226471691	6.9042328050134865	6.832759969078618	6.761870628021811	6.691582198675633	6.621912613367472	6.552880327204328	6.484504324506795	6.4168041242705725	6.349799784531785	6.283511905511629	6.217961631416088	6.153170650767996	6.089161195151369	6.025956036251631	5.963578481080086	5.902052365276238	5.841402044386931	5.781652383026178	5.722828741823068	5.664956962066465	5.608063347953379	5.552174646342162	5.497318023901208	5.44352104152826	5.3908116258947505	5.339218037943704	5.288768838139075	5.239492848228913	5.191419109244213	5.144576835407975	5.098995363572651	5.054704097734457	5.011732448085367	4.970109763954266	4.929865259857525	4.891027933733159	4.853626476286699	4.8176891702584586	4.783243778373109	4.750317418808982	4.718936427273263	4.689126205204025	4.660911054231835	4.634313997833113	4.609356592050341	4.5860587279463	4.56443842873303	4.544511644644711	4.526292049807454	4.509790847813734	4.495016595577481	4.481975062783992	4.470669171251838	4.461099114557083	4.453262824711851	4.447156990492807	4.442778742730239	4.440126429872391	4.439173413067394	4.439002904591381	4.438976993256585	4.438974795534135	4.438976990782542	4.4390028851056496	4.439173293564202	4.440125987094817	4.442778354029927	4.447157093449208	4.453263887380536	4.461101642146061	4.470673712219305	4.481982211228806	4.495026989642822	4.509805164366273	4.5263109959507455	4.5445359468080095	4.5644688201563115	4.586095935374694	4.609401322376262	4.634366925302626	4.660972808686721	4.689197361684616	4.719017497176532	4.750408842690974	4.78334592040741	4.817802314310482	4.853750823531719	4.891163601727297	4.930012282959448	4.970268094986648	5.011901961117379	5.054884591858877	5.099186567544517	5.144778413006908	5.191630665220593	5.239713934695268	5.288998961272393	5.339456664871257	5.3910581916447935	5.4437749559369735	5.497578678377779	5.55244142040474	5.608335615459278	5.665234097070671	5.72311012400954	5.781937402666913	5.841690106794175	5.902342894723599	5.963870924178816	6.026249864778528	6.089455908334751	6.153465777047629	6.218256729701505	6.283806565970757	6.350093628947832	6.4170968060095825	6.484795528140959	6.553169767837126	6.622200035706063	6.691867375893889	6.762153360454342	6.833040082782493	6.904510150230568	6.976546676020837	7.0491332705669025	7.122254032309866	7.195893538169955	7.270036833706994	7.34466942307456	7.4197772588429505	7.495346731754969	7.571364660467803	7.647818281327326	7.724695238217163	7.801983572508884	7.879671713097096	7.957748466493123	8.036203007130275	8.115024868310563	8.194203933652654	8.27373042667198	8.353594896097164	8.433788206160676	8.514301556490627	8.59512651525909	8.67625491605894	8.757678511019467	8.839389016766898	8.921379933269836	9.003648631614718	9.086189544113568	9.168974197023688	9.251960887037125	9.335213748932803	9.419006722270804	9.503315850362865	9.58660357458815	9.667050292580653	9.750667976071135	9.854731547371975	9.966419614982964	9.996825820166945
9.944655875397133	9.913844666329064	9.801484882787538	9.69717038229927	9.613301574943375	9.532498800005202	9.448833037367454	9.364163116819249	9.280012999116263	9.196394358482028	9.113033624662881	9.029869421717025	8.946943865438435	8.864284758362814	8.78189726477673	8.699783917966773	8.617951141199754	8.53640708061992	8.455159830668297	8.374217416996855	8.293588141403246	8.213280678691426	8.133304042880846	8.053667569023723	7.974380924021116	7.895454121768455	7.816897534010264	7.738721899468918	7.660938333534662	7.583558338606311	7.506593814662742	7.43005706993062	7.353960831681407	7.278318257174632	7.203142944721652	7.128448944828803	7.054250771374921	6.980563412770663	6.907402343036091	6.834783532721302	6.762723459583982	6.691239118927793	6.620348033496191	6.5500682628080735	6.4804184118144725	6.41141763874938	6.343085662042864	6.2754427661608405	6.208509806233214	6.142308211330986	6.076859986253022	6.012187711685069	5.948314542596843	5.885264204747811	5.823060989178187	5.761729744568191	5.701295867355288	5.641785289504755	5.583224463832805	5.5256403467823505	5.469060378548305	5.4135124604410505	5.359024929362715	5.305626529250711	5.253346379316523	5.202213938875356	5.152258968524163	5.103511487381913	5.056001726055978	5.009760074940212	4.964817027379865	4.921203117150542	4.878948849587315	4.838084625562607	4.7986406573500995	4.760646875237497	4.724132823588199	4.689127544944625	4.655659450776758	4.623756177668947	4.593444428138218	4.56474979590168	4.537696576291434	4.512307563617315	4.488603838287036	4.466604547003235	4.446326679707045	4.427784848284513	4.410991074498642	4.395954597183753	4.382681716066594	4.371175716645792	4.36143697768575	4.35346343147253	4.347251588128847	4.342798250326913	4.340101330009883	4.3391332096173025	4.33896008546413	4.338933773157217	4.338931541267153	4.338933770679151	4.338960065945003	4.339133089892349	4.340100888373959	4.342797877296173	4.347251736167883	4.353464585371939	4.3614396617174975	4.371180500840962	4.382689218414046	4.3959654814903235	4.411006044239245	4.427804637094015	4.446352039358329	4.4666362337902035	4.488642598707439	4.512354120152484	4.537751613933944	4.5648139499149645	4.593518273369217	4.623840219593939	4.655754118350524	4.689233185245122	4.724249698198711	4.760775158278343	4.798780435054633	4.838235897280957	4.87911153009191	4.921377040108399	4.965001949847998	5.009955682733339	5.0562076398313165	5.103727269284983	5.152484129242421	5.202447944952785	5.253588660591357	5.305876486289373	5.359281940775042	5.413775889974569	5.46932958187203	5.525914677883349	5.583503280961374	5.642067960616346	5.701581775009472	5.76201829025668	5.823351597065373	5.885556324818315	5.948607653215058	6.0124813215816895	6.077153635962663	6.142601474113294	6.208802288516898	6.275734107555675	6.343375534968797	6.411705747734028	6.480704492510831	6.550352080782831	6.620629382836245	6.691517820708342	6.762999360236697	6.83505650233575	6.907672273622434	6.980830216507136	7.05451437886	7.128709303355416	7.203400016589293	7.278572018054488	7.3542112690491805	7.430304181581157	7.506837607319263	7.58379882663498	7.661175537772055	7.73895584616616	7.817128253893582	7.8956816492125625	7.97460529633041	8.053888825816315	8.133522225568294	8.213495830040316	8.293800305170624	8.374426637677983	8.455366153422428	8.53661055122121	8.618151805436405	8.699981820504444	8.78209245040058	8.86447727902459	8.947133782064967	9.03005676839756	9.11321835181748	9.19657645051707	9.280192930792017	9.364341792198736	9.449009212767614	9.532666219051952	9.613459655504835	9.697352695223698	9.801734924403723	9.914012542621931	9.944655875397133
9.893019174415816	9.861974801942154	9.749031422169422	9.644400037052602	9.560257037609418	9.479109888667992	9.395077903178287	9.310052642463527	9.225549397268761	9.141569937305974	9.057840713773436	8.974302568922901	8.890997953125375	8.807954074344469	8.72517572042078	8.642665311492909	8.560429173320951	8.47847530115269	8.396811624080636	8.315446013382827	8.234386625708446	8.153641994461081	8.0732209955389	7.993132830730345	7.913387039537209	7.833993514745921	7.754962513687942	7.676304667900993	7.59803099340044	7.520152901603089	7.442682210492393	7.3656311559080665	7.289012403001817	7.2128390578810295	7.1371246794206185	7.061883291209002	6.987129393589751	6.912877975752144	6.839144527811638	6.765945052808522	6.693296078540723	6.6212146691351315	6.549718436250874	6.478825549797753	6.408554748043818	6.338925346977749	6.269957248784476	6.20167094928638	6.13408754419766	6.067228734036248	6.001116827536169	5.9357747434037575	5.871226010263567	5.807494764644286	5.744605746861155	5.6825842946588025	5.621456334486512	5.561248370285757	5.501987469676238	5.44370124743047	5.386417846126914	5.330165913866357	5.274974578924703	5.220873421196767	5.167892440259526	5.1160620198498785	5.065412888511403	5.015976076117411	4.96778286592393	4.920864741744698	4.875253329767917	4.830980334445967	4.788077467777486	4.746576371160351	4.70650852882149	4.667905171630878	4.630797169901848	4.595214913611174	4.561188178407256	4.528745975886903	4.4979163869620375	4.4687263777485375	4.441201598352084	4.415366166182274	4.391242436670636	4.3688507650572195	4.3482092635476235	4.329333559729082	4.312236564637268	4.296928261171416	4.283415530450575	4.271702060780104	4.261788442049357	4.2536726190800636	4.247350922011328	4.24281981148362	4.24007673832639	4.239093052475724	4.238917239613789	4.238890515024721	4.238888247998033	4.238890512543212	4.238917220064721	4.239092932542282	4.2400762979705044	4.242819455033299	4.2473511175983605	4.253673869174121	4.261791291116677	4.271707101727499	4.2834234065774455	4.296939663397948	4.312252224416227	4.329354238401631	4.348235739104981	4.368883817335673	4.391282831962593	4.4154146421207034	4.441258849751723	4.468793043896364	4.497993040669633	4.528833114466773	4.561286216621735	4.59532417856518	4.630917897802537	4.668037506309322	4.706652521894927	4.74673198370169	4.788244573348154	4.83115872333776	4.875442714290129	4.921064762385747	4.967993098213351	5.016196038014972	5.065642048155235	5.1162998035041145	5.168138240313312	5.221126604079607	5.275234492817245	5.330431896100551	5.386689230184383	5.443977369463014	5.50226767448729	5.561532016726142	5.621742800231985	5.6828729803501945	5.744896079600472	5.807786200851754	5.871518037911163	5.936066883650344	6.001408635797869	6.067519800533067	6.134377494023515	6.201959442054486	6.270243977903329	6.339210038614508	6.408837159831709	6.479105469342183	6.549995679485317	6.6214890785728	6.693567521461968	6.766213419417236	6.839409729387276	6.913139942817824	6.98738807411179	7.062138648839601	7.1373766917932135	7.213087714967213	7.289257705539215	7.365873113909587	7.4429208418482355	7.520388230787166	7.598263050291946	7.676533486729476	7.75518813210666	7.834215973034086	7.913606379928319	7.993349096861289	8.07343423200982	8.153852246487395	8.23459393885027	8.315650433382176	8.397013196868832	8.478674072888367	8.560625189899755	8.642858617503961	8.725366360341491	8.808142099463993	8.891183423824847	8.974485520462702	9.058021099673558	9.141747740137637	9.22572507581648	9.31022709179239	9.395249947256257	9.479273402222345	9.560411295136483	9.644577842749687	9.749275954939097	9.862139668760989	9.893019174415816
9.841919692561097	9.810643079465338	9.697119449721574	9.592173890922794	9.507758529893733	9.426269251093945	9.341873849740276	9.256496088901105	9.171642451044843	9.087304952788532	9.003210138378543	8.919301033021288	8.835620384839734	8.752194799486457	8.669028687209861	8.586124346735685	8.503487993595453	8.421127459255535	8.339050494864274	8.257264804095692	8.175778384285188	8.094599612538685	8.013737211185335	7.933200232806811	7.852998073095511	7.773140486902856	7.693637599967775	7.614499919167966	7.535738343422561	7.457364175243187	7.379389132531569	7.301825360523379	7.224685443928331	7.147982419293656	7.071729787578208	6.995941526911528	6.920632105507773	6.845816494695504	6.77151018201128	6.697729184291145	6.624490060680642	6.551809925470606	6.47970646065326	6.408197928080663	6.3373031810959635	6.267041675496976	6.197433479681685	6.12849928381641	6.060260407860065	5.992738808272201	5.92595708322893	5.859938476169493	5.794706877497359	5.730286824263346	5.6667034976641935	5.603982718197866	5.542150938326009	5.481235232503631	5.421263284444886	5.362263371500817	5.304264346028377	5.24729561362844	5.1913871081225755	5.136569263122601	5.08287298002248	5.030329592208754	4.97897082524335	4.928828752721967	4.879935747452943	4.832324427535338	4.786027596838982	4.741078179298723	4.697509146322812	4.655353436472904	4.614643866393829	4.575413031753709	4.537693196712006	4.501516170203059	4.466913167174531	4.433914652937214	4.402550169037289	4.372848139626961	4.344835658285098	4.318538256636194	4.293979657605703	4.271181517259689	4.25016316017391	4.230941315197148	4.213529861119513	4.197939593841283	4.18417803309198	4.172249313781416	4.162154266166482	4.153890861755413	4.147455249900549	4.142843534650308	4.140052679412591	4.139052944006658	4.138874366255528	4.138847217580603	4.138844914405788	4.138847215096565	4.138874346682648	4.139052823893951	4.1400522405441045	4.142843195841607	4.147455495772594	4.153892213460086	4.162157289574016	4.172254626072271	4.184186304397441	4.197951543737408	4.2135462504765915	4.2309629342714725	4.250190814037406	4.271216009715635	4.294021774667123	4.318588750485327	4.344895232426383	4.3729174357292795	4.402629755764297	4.434005016905665	4.467014706065239	4.501629187973387	4.537817900813139	4.575549532229514	4.614792176721387	4.655513475991624	4.697680744086566	4.741261079173732	4.786221463660477	4.832528854129891	4.880150262331874	4.9290528282547585	4.979203886127804	5.030571024065986	5.083122137958691	5.136825480114975	5.191649703103069	5.24756389915627	5.304537635459397	5.362540985579554	5.421544557262542	5.481519516782412	5.542437610006507	5.60427118032139	5.666993183555661	5.730577200032463	5.7949974438862775	5.86022876978391	5.926246677196991	5.9930273123815105	6.060547468227829	6.128784582151146	6.19771673219707	6.267322631539002	6.337581621543736	6.408473663578583	6.479979329728138	6.552079792581571	6.6247568142427244	6.6979927347056405	6.771770459727903	6.846073448323667	6.920885699987547	6.996191741749779	7.07197661515222	7.148225863223696	7.224925517521675	7.302062085294971	7.37962253680992	7.457594292873364	7.5359652125802805	7.614723581299031	7.693858098864924	7.773357867928026	7.853212382550355	7.933411517448866	8.013945517878925	8.09480498801742	8.175980875002852	8.257464456184037	8.339247354251686	8.421321571813818	8.503679404769635	8.586313100591811	8.669214827571952	8.75237837670711	8.835801458485887	8.919479639191742	9.00338623336074	9.087478517225973	9.171813927815093	9.256666363230362	9.342041810702577	9.42642890364301	9.50790901199528	9.592347248575155	9.69735853074265	9.810804953644187	9.841919692561097
9.791361603781366	9.759853648014845	9.645753025484737	9.540495930046106	9.455809994310792	9.37398079015113	9.28922473720054	9.203497281141624	9.1182959654731	9.03360320440907	8.949145705220257	8.864868641937141	8.780815025750702	8.697010853706677	8.613460158122761	8.530165108769088	8.447131798982728	8.364367884209265	8.281880925505575	8.199678445971216	8.117768269555077	8.036158602096098	7.954857996667144	7.873875340296882	7.79321986790137	7.71290117887265	7.632929249350355	7.553314443133774	7.4740675232793805	7.395199664336959	7.316722464831398	7.238647959905306	7.160988634179948	7.0837574348671515	7.006967785127081	6.930633597655743	6.8547692884821165	6.779389790945639	6.704510569811344	6.630147635465308	6.556317558118415	6.483037481931491	6.410325138960026	6.338198862801967	6.266677601817596	6.195780931776737	6.125529067775473	6.055942875252563	5.987043879925358	5.918854276456346	5.851396935655147	5.784695410017138	5.718773937398929	5.6536574426331105	5.589371536889644	5.525942514598778	5.463397347760104	5.401763677473051	5.341069802535293	5.281344664965413	5.222617832313482	5.164919476626039	5.108280349928606	5.052731756077327	4.998305518810232	4.945033945796809	4.892949788441669	4.842086197144693	4.792476671656694	4.7441550060976345	4.697155228122546	4.651511531625775	4.607258202259897	4.564429534902622	4.523059742022332	4.4831828516626535	4.444832593492336	4.408042271079431	4.37284461831391	4.339271637809988	4.307354419259475	4.277122936188314	4.248605820538027	4.221830116004002	4.196821012796893	4.1736015679608585	4.15219241681785	4.132611483469521	4.114873701188873	4.0989907554713945	4.084970868540635	4.07281867104423	4.062535266639144	4.054118669843959	4.047564849041793	4.042869536380364	4.040029179664937	4.039012886814242	4.038831464635772	4.038803879544215	4.038801539164342	4.038803877058826	4.038831445047488	4.03901276656621	4.0400287425595005	4.0428692164314874	4.047565148227189	4.054120129065973	4.06253847446788	4.072824270433437	4.084979558080606	4.09900328503116	4.114890862563073	4.132634097063998	4.152221315621642	4.173637580086416	4.196864943765054	4.221882731752938	4.248667831893108	4.277194985285524	4.307437068201418	4.33936535966788	4.372949790473701	4.40815917085728	4.444961395901764	4.4833236291900604	4.523212466249674	4.564594079800507	4.607434348959677	4.651698974466289	4.697353581757914	4.744363813448231	4.792695412486877	4.842314297057723	4.893186628093486	4.945278870144699	4.998557846229099	5.052990787194132	5.108545376044476	5.165189787614987	5.222892723906809	5.28162344535118	5.3413517982226	5.402048238390699	5.463683851577861	5.526230370276577	5.589660187474898	5.653946367338817	5.719062653005291	5.78498347164717	5.851683936980375	5.919139849392799	5.987327693882722	6.056224636000822	6.125808515993962	6.196057841349813	6.266951777939436	6.338470139949842	6.410593378790718	6.483302571149485	6.556579406356923	6.630406173212583	6.704765746405578	6.779641572652526	6.8550176566608325	6.930878547012435	7.007209322050494	7.083995575839528	7.161223404257709	7.238879391268072	7.316950595403797	7.395424536494317	7.474289182654319	7.553532937544458	7.633144627871678	7.713113491068422	7.793429163229472	7.874081667690905	7.955061404285411	8.036359137211642	8.117965978554256	8.19987337446492	8.2820731185934	8.364557386764336	8.44731865542039	8.530349362193263	8.613641851401319	8.697190036063626	8.780991755790486	8.865042956413948	8.949317563015732	9.033772584294155	9.118463294625295	9.203663434253528	9.289388666009051	9.374136628867271	9.455956750999626	9.540664901208858	9.64598671488669	9.760012548403243	9.791361603781366
9.741349305942833	9.70961087503754	9.594936412759374	9.48937033295861	9.404415552836799	9.322248571348027	9.237134569832252	9.151060168839274	9.06551384919529	8.980468572509647	8.895651277774679	8.811009255170749	8.72658574664084	8.642406135992925	8.558474078358104	8.47479160803305	8.391364685251949	8.30820077814018	8.225307246253697	8.142691419689468	8.060360935301457	7.978323812877501	7.896588420547489	7.815163463258211	7.734057997823683	7.653281450126333	7.5728436280165905	7.492754732967525	7.413025372443234	7.333666572891295	7.254689792974621	7.176106936971563	7.0979303684080595	7.020172923959396	6.942847927624315	6.865969205165446	6.789551098807177	6.7136084821732975	6.638156775433437	6.5632119606123185	6.488790597000243	6.414909836586781	6.341587439422744	6.26884178879814	6.196691906106545	6.125157465249202	6.05425880641573	5.984016949062847	5.914453603898622	5.845591183667653	5.777452812523118	5.7100623337647844	5.643444315718577	5.577624055533041	5.5126275806711185	5.448481647882164	5.385213739448084	5.322852056509023	5.261425509286469	5.200963704034448	5.1414969265605945	5.083056122166633	5.025672871859986	4.969379364682408	4.914208365985455	4.86019318145445	4.807367616641091	4.755765931709862	4.705422791035758	4.656373207211853	4.608652478935588	4.562296122140981	4.517339793625262	4.47381920627382	4.431770034803697	4.391227810708805	4.352227804793302	4.3148048953426015	4.2789934196614565	4.244827006495035	4.212338386847507	4.181559181067197	4.152519660981367	4.125248487445275	4.099772425632893	4.076116042247964	4.054301390787851	4.034347693924074	4.016271035360055	4.000084075426201	3.9857958103112145	3.9734114216458094	3.962932323878622	3.9543565933703837	3.947680018084532	3.9428979421399966	3.940006267486061	3.938972883793834	3.938788534063282	3.9387604996606664	3.938758120970202	3.9387604971754095	3.9387885144704757	3.938972763469935	3.9400058324915883	3.9428976424365465	3.947680373924114	3.9543581665457093	3.962935727050111	3.973417325150567	3.985804942937952	4.000097219070286	4.016289014309613	4.034371359982499	4.054331605653106	4.076153658577552	4.09981826807633	4.125303334682447	4.152584229522277	4.181634111295265	4.212424231559298	4.244924222018989	4.2791023595248	4.314925806386654	4.352360825596929	4.391372972154009	4.431927262597073	4.473988325218837	4.517520533423249	4.562488124485047	4.608855305653831	4.656586349214892	4.705645677829073	4.755997941242421	4.807608085276887	4.860441413871553	4.914463644826845	4.969640959803672	5.0259400490406305	5.083328151174147	5.141773088479422	5.201243297795416	5.261707857355501	5.3231365097164725	5.385499680961057	5.448768496340913	5.512914792526473	5.57791112663441	5.643730782211448	5.710347772362811	5.777736840223579	5.845873456980581	5.914733817660073	5.984294834901858	6.05453413094292	6.125430028032854	6.196961537499076	6.269108347672168	6.341850810870999	6.415169929633869	6.489047342366505	6.563465308561013	6.638406693722437	6.713854954122162	6.789794121480627	6.866208787665985	6.94308408948091	7.020405693596701	7.098159781682047	7.176333035762598	7.254912623837275	7.333886185770328	7.413241819475234	7.492968067395746	7.573053903250449	7.6534887189758205	7.734262311932516	7.815364872748497	7.8967869738714604	7.978519556848416	8.060553915262608	8.142881679809014	8.225494829968186	8.308385728608885	8.391547045287977	8.474971419361816	8.5586513826338	8.642580981192431	8.726758190362768	8.811179334774739	8.89581895471058	8.98063382387517	9.06567708681855	9.151222256345918	9.237294519310224	9.32240064524823	9.404558635772261	9.489534980842048	9.595164772974139	9.709766822099375	9.741349305942833
9.691887443045477	9.659919370531938	9.54467410704544	9.438801501763013	9.353579539757153	9.271076857763147	9.185607532997166	9.099188864874323	9.013300154269684	8.92790505898451	8.842730817468835	8.757726805133375	8.672936464920687	8.58838456464072	8.50407438432808	8.42000781760705	8.336190682057424	8.252630248426996	8.169333664406905	8.086308055518074	8.003560858488202	7.9210998927640786	7.838933326147619	7.757069665080682	7.6755177708609015	7.594286877530897	7.5133866054951115	7.432826974005416	7.352618414385664	7.272771783863778	7.193298379633793	7.114209953088094	7.035518724287788	6.957237396712342	6.879379172298153	6.801957766770019	6.724987425268479	6.648482938268396	6.5724596577717405	6.496933513742723	6.421921030737219	6.347439344660715	6.273506219570057	6.200140064414326	6.127359949589818	6.055185623163656	5.9836375266004564	5.912736809807325	5.842505345294647	5.772965741234259	5.704141353183159	5.636056294230443	5.568735443317896	5.502204451481166	5.436489745758573	5.37161853051869	5.307618785965352	5.244519263589631	5.182349478351626	5.12113969738975	5.060920925070066	5.001724884201022	4.943583993247379	4.886531339378261	4.830600647175118	4.775826242803137	4.722243013411975	4.66988636147747	4.618792153725248	4.5689966641913635	4.520536510876009	4.473448585334431	4.4277699744223025	4.38353787326394	4.340789488327191	4.299561929249468	4.259892087749013	4.221816501579389	4.185371201087224	4.150591535594699	4.11751197666283	4.086165895476319	4.056585312390182	4.028800618272117	4.002840269428111	3.978730460143208	3.9564947794168805	3.9361538621142054	3.9177250486218935	3.901222069114113	3.886654773870055	3.874028957771234	3.8633463884842167	3.854605225953557	3.847801079141594	3.8429288871121607	3.839983973406122	3.8389329380961263	3.8387455738541827	3.838717076642876	3.8387146584843013	3.838717074159735	3.8387455542713975	3.838932817776569	3.8399835409597287	3.8429286092318256	3.847801495321449	3.8546069200936306	3.8633499988297944	3.8740351837742213	3.8866643763778206	3.9012358638803892	3.9177438940533706	3.9361786426576106	3.9565263862022175	3.9787697704724816	4.002888126500426	4.028857812239008	4.056652563507523	4.086243839816388	4.117601154606902	4.150692383154092	4.185484043990937	4.221941552001817	4.260029443512493	4.299711575309098	4.340951300321498	4.383711622892502	4.427955336392129	4.473645145603593	4.520743775917567	4.569214071003614	4.619019080324584	4.670122137626014	4.722486931351797	4.776077567790731	4.830858627633108	4.886795216505565	4.943853009954069	5.001998293259958	5.0611979964037825	5.121419724437696	5.182631783489064	5.244803202594562	5.307903751552775	5.371903954981513	5.436775102770805	5.50248925713137	5.569019256449033	5.636338716166583	5.704422026924698	5.773244350201973	5.842781611700049	5.913010492723068	5.9839084198005095	6.055453552798936	6.1276247717608365	6.200401662698058	6.273764502553091	6.3476942435245975	6.422172496934258	6.497181516791421	6.572704183190548	6.648723985655285	6.725225006522752	6.802191904443007	6.879609898052249	6.957464749864403	7.0357427504141254	7.114430702674405	7.193515906763833	7.272986144954061	7.352829666987864	7.433035175710625	7.5135918129820425	7.594489145801411	7.67571715270016	7.757266210765913	7.839127083407789	7.9212909069628425	8.003749172981067	8.086493712154729	8.169516704181584	8.252810712128984	8.336368610385783	8.420183250555192	8.504247362147034	8.588555134019805	8.673104682503181	8.757892708945855	8.84289437162502	8.928066239229315	9.013459357559194	9.099346943387172	9.185763557001367	9.271225216917228	9.353719001514065	9.438961890506436	9.544897202012278	9.660072385878648	9.691887443045477
9.642980924061108	9.610784008014532	9.494970862128216	9.388794090817322	9.303306532497697	9.22047014351238	9.134648029245223	9.047887683722818	8.961659116481188	8.87591682925356	8.790388426997211	8.705025341418652	8.6198711894181	8.5349501220884	8.450265048034156	8.365817716591858	8.2816137947712	8.197660347420824	8.113964301362374	8.030532567154896	7.947372369393631	7.864491313746691	7.78189735296679	7.69959877903209	7.617604240567162	7.535922761489966	7.454563755431568	7.373537039141008	7.2928528466559115	7.212521844066686	7.132555144502265	7.052964323285796	6.973761433329155	6.894959020808239	6.81657014113358	6.7386083752291	6.661087846133537	6.58402323593396	6.507429803030039	6.431323399713838	6.355720490033658	6.280638167891731	6.206094175304704	6.132106920733503	6.058695497365766	5.985879701210302	5.913680048839266	5.842117794590762	5.771214947022734	5.700994284388805	5.631479368888914	5.562694559432497	5.494665022640145	5.427416741801579	5.360976523503798	5.2953720016434636	5.230631638542369	5.166784722893756	5.103861364280288	5.041892484020475	4.98090980211823	4.920945820108018	4.8620337996029654	4.804207736362523	4.747502329695645	4.691952947001651	4.637595583219975	4.58446681490953	4.53260374860714	4.482043963023235	4.432825444523941	4.384986515224056	4.338565752876126	4.293601901583117	4.250133772174161	4.208200130842876	4.167839574331153	4.129090389538819	4.0919903949760705	4.056576761016394	4.022885805563466	3.9909527617196123	3.9608115146623923	3.932494306464013	3.906031409868451	3.881450774662248	3.8587776534784175	3.838034218376825	3.8192391841950157	3.8024074570053035	3.787549831192199	3.774672785250971	3.76377848833493	3.7548652091115504	3.7479283800011527	3.7429625170012084	3.739962330132851	3.7388930530206648	3.7387025832103946	3.7386736090478583	3.7386711502081464	3.738673606569611	3.738702563657728	3.738892932815367	3.739961900790333	3.7429622627545984	3.7479288606016894	3.7548670318647472	3.763782318679544	3.774679353618716	3.7875599324796854	3.8024219427573303	3.819258948609164	3.838060179766513	3.858810733029941	3.8814918742480837	3.9060813904178247	3.9325539680332553	3.9608815789725194	3.991033857597349	4.02297845746787	4.056681380661456	4.092107275954941	4.129219704794361	4.167981376278865	4.20835435392149	4.250300237570661	4.293780323852716	4.338755748157265	4.385187610736849	4.433037089039194	4.482265537997481	4.532834579695113	4.584706183586773	4.637842738272785	4.692207115667858	4.747762728267283	4.804473580089864	4.862304311768655	4.921220240170015	4.9811873928505355	5.0421725376106625	5.1041432073719335	5.167067720588904	5.230915197403509	5.295655571754904	5.36125959966847	5.427698863960578	5.494945775608725	5.562973572048351	5.631756312666733	5.701268871770772	5.771486929308363	5.842386959622738	5.9139462185152345	5.986142728884413	6.058955265198356	6.132363337042261	6.206347171965482	6.280887697831282	6.355966524849409	6.43156592744686	6.507668826106888	6.584258769281256	6.661319915457126	6.738837015438598	6.816795394884719	6.895180937131166	6.973980066311936	7.053179730789419	7.132767386896107	7.212730982990028	7.293058943829615	7.373740155270216	7.454763949252036	7.536120089014395	7.61779875458225	7.699790528881638	7.782086384630161	7.86467767018576	7.947556091111535	8.030713692920807	8.114142869084242	8.197836395005895	8.281787360434134	8.365988838371145	8.450433764703865	8.535116479111847	8.62003524262743	8.70518712965984	8.790547917231317	8.876073996274549	8.961814342937748	9.048041810086444	9.13480018191872	9.220614838329464	9.303442425899688	9.388950284797284	9.495188756478294	9.610934113897997	9.642980924061108
9.594634938029628	9.562209941822681	9.44583171276277	9.339353032284157	9.253601379680243	9.170433184908429	9.084260712640825	8.997161178661946	8.91059519518276	8.824508254539813	8.73862839477388	8.652909077082786	8.56739406807376	8.482106903559645	8.39705012613387	8.312225339027586	8.22763805263971	8.143295119202927	8.05920323732903	7.975369093758533	7.891799690346859	7.808502406797388	7.725484967172879	7.6427554339173085	7.560322226503078	7.478194140888558	7.396380364812322	7.314890492197065	7.233734538354187	7.1529229557774	7.072466650156663	6.992376996564641	6.912665855880833	6.833345591491927	6.754429086284386	6.675929759948448	6.597861586618658	6.520239112874471	6.443077476116536	6.366392423322096	6.290200330167212	6.214518220484154	6.139363785999959	6.064755406277646	5.9907121687554925	5.917253888753013	5.844401129285199	5.772175220499767	5.700598278526238	5.629693223500893	5.559483796508778	5.489994575163475	5.421250987527811	5.353279324064803	5.286106747298444	5.219761298858934	5.15427190358722	5.089668370379304	5.025981389461894	4.963242525806886	4.9014842084120005	4.840739715196765	4.781043153284534	4.72242943445873	4.664934245591106	4.608594013836422	4.553445866366989	4.499527584377256	4.4468775510205445	4.395534692846301	4.34553841418849	4.296928523817224	4.249745153010148	4.204028664027643	4.1598195477786515	4.117158309221011	4.076085338721694	4.036640767185666	3.9988643022505057	3.962795042277596	3.928471264344787	3.895930182175542	3.865207670309778	3.836337952188627	3.809353252136989	3.784283414173332	3.761155494473538	3.7399933398351393	3.720817170169778	3.7036431859948014	3.68848322713452	3.675344535421825	3.664229736576707	3.655137237118929	3.648062296640373	3.642998988979314	3.6399413726673653	3.6388532319736138	3.638659561165543	3.638630095220934	3.6386275944278705	3.638630092751366	3.6386595416702265	3.638853112030856	3.6399409471342086	3.642998760456423	3.648062846196219	3.6551391968486993	3.6642338008453286	3.6753514676508128	3.6884938583982607	3.7036584056613613	3.7208379099340316	3.7400205530523363	3.7611901328751194	3.784326403910933	3.80940547076287	3.836400207752984	3.8652806833312194	3.896014570884371	3.928567533338323	3.962903574558894	3.9989853545228	4.036774468215935	4.076231690545325	4.117317190923184	4.159990721553851	4.204211783189461	4.249939771603628	4.2971341074781675	4.3457543518987585	4.395760309248991	4.447112118981378	4.49977033750549	4.553696011238915	4.608850741695885	4.665196743333981	4.7226968947419445	4.781314783634727	4.841014746028583	4.901761899900699	4.963522173593563	5.026262329201164	5.089949981167767	5.15455361033563	5.220042573690955	5.286387110073569	5.3535583421324	5.421528274823181	5.490269790756021	5.559756642707466	5.62996344361434	5.7008656543652725	5.7724395697003565	5.84466230252017	5.917511766892779	5.990966660031227	6.065006443494697	6.139611323844182	6.214762232958494	6.290440808189279	6.366629372505071	6.443310914745425	6.5204690700775645	6.598088100721306	6.676152876984224	6.754648858629406	6.833562076583344	6.912879114981913	6.992587093547199	7.0726736502865934	7.153126924509013	7.233935540161259	7.315088589488985	7.396575616998422	7.478386603658973	7.56051195138844	7.642942468171634	7.725669353993511	7.808684185853826	7.891978898552969	7.975545766225288	8.05937740845901	8.143466823754284	8.227807326216038	8.312392217712736	8.39721464734009	8.482269111734302	8.567554018492215	8.653066809641397	8.738783879516701	8.824661465742368	8.91074650178001	8.997311409220583	9.084409047737472	9.170574265510826	9.253733757219672	9.339505095490848	9.446044471027355	9.562357160615008	9.594634938029628
9.546854965049558	9.514202620325166	9.3972619933521	9.290483557823528	9.204469225597222	9.120971028416673	9.034450520337101	8.947014176764771	8.860113111568937	8.773683953313432	8.687455239361027	8.601382435771546	8.515509437398798	8.429859168410209	8.34443381266174	8.259234827405013	8.174267562444777	8.089538652713411	8.00505456321805	7.920821749888433	7.836846983016044	7.753137405830982	7.669700501603049	7.586544089536325	7.50367634463212	7.421105817980015	7.338841452972802	7.2568926007708505	7.175269036618814	7.093980976764755	7.013039095613324	6.9324545430632885	6.852238962084548	6.7724045065641025	6.6929638594335055	6.6139302510999345	6.535317478214473	6.457139922814615	6.379412571873912	6.302151037282117	6.225371576264451	6.149091112229223	6.073327256009689	5.998098327439952	5.923423377176582	5.849322208648498	5.775815399987763	5.70292432576379	5.630671178313467	5.559078988430308	5.488171645147275	5.417973914321271	5.348511455703013	5.27981083815494	5.2118995526628815	5.144806022775375	5.078559612098382	5.013190628473669	4.948730324476396	4.885210893881466	4.822665463768394	4.761128081959118	4.700633699510343	4.641218148007885	4.5829181114307715	4.5257710923619285	4.469815372314028	4.415089965907228	4.36163456857542	4.309489497386177	4.2586956244367045	4.2092943021367555	4.161327279514799	4.114836608490259	4.069864538839705	4.026453400332149	3.984645470187642	3.9444828235919775	3.906007164460288	3.8692596329916045	3.8342805858593407	3.8011093443493245	3.7697839058136204	3.740340614905895	3.712813793278903	3.687235329597346	3.663634236308813	3.642036186291663	3.622463049489877	3.6049324535391536	3.5894573980098565	3.576045978648817	3.564701340794354	3.5554220626590904	3.548203236241898	3.543038472941123	3.5399211386242997	3.538813478604171	3.538616506704942	3.538586533412905	3.5385839893310824	3.538586530956814	3.5386164873017028	3.538813359114233	3.5399207177730614	3.543038272545806	3.5482038597982424	3.555424168530471	3.5647056541389883	3.5760532980416837	3.589468592972032	3.6049484533858642	3.622484825133568	3.642064727223948	3.6636705251172987	3.6872803161549714	3.712868370313617	3.7404055961538303	3.769860007486139	3.8011971702675877	3.8343806163492493	3.8693722174713363	3.906132517558944	3.944621024577927	3.9847964654373507	4.026617008525722	4.070040458529174	4.115024427655744	4.161526486706806	4.2095042988013915	4.2589157380329485	4.309718994927046	4.361872670254297	4.415335858503819	4.47006822210987	4.526030057332524	4.583182352519934	4.6414868393298585	4.70090603736603	4.761403292593466	4.8229428098355145	4.885489679621158	4.949009899639283	5.013470391061073	5.0788390100067575	5.145084554453174	5.21217676689972	5.280086333129166	5.348784877414382	5.418244954531135	5.488440038940321	5.5593445115006155	5.630933644064895	5.703183582301746	5.776071327067393	5.849574714634219	5.9236723960598585	5.998343815956113	6.0735691908897556	6.1493294876179885	6.22560640133031	6.302382334036469	6.379640373207914	6.457364270748665	6.535538422342475	6.614147847197502	6.693178168189389	6.772615592389336	6.8524468919562205	6.932659385370234	7.013240918989065	7.094179848916595	7.175465023187849	7.257085764280931	7.339031851942713	7.421293506277947	7.503861371142995	7.586726498190385	7.669880331778252	7.753314693093979	7.8370217601231325	7.92099404796455	8.005224413054624	8.089706086003066	8.174432612410557	8.259397528509549	8.34459420135388	8.430017288548402	8.515665344101919	8.601536170297027	8.68760677509348	8.77383326441865	8.860260553820307	8.947160566611844	9.034595090587695	9.12110854408951	9.204598138945592	9.290631553324936	9.397469679230392	9.514346974010698	9.546854965049558
9.499646782943115	9.466767794745975	9.349267352139684	9.242191215853959	9.15591553044665	9.072089034643112	8.985222700525616	8.897451810713182	8.810217884319686	8.723448830757109	8.636873752655957	8.550450098418501	8.464221872380715	8.378211392851366	8.292420494092628	8.206850489508764	8.12150656649578	8.036395140205977	7.951522438833933	7.866894682681879	7.7825184038118564	7.698400500580547	7.614548205374866	7.530969082324955	7.447671048327266	7.3646623941494145	7.281951801574957	7.199548359961184	7.117461583727474	7.03570143048714	6.954278319450569	6.873203150040948	6.792487320760147	6.712142748317888	6.632181887027626	6.552617748489624	6.473463921600604	6.394734592938745	6.3164445675737095	6.238609290344832	6.161244867637689	6.084368089670213	6.007996453275993	5.932148185145633	5.856842265457917	5.78209845180205	5.7079373032604614	5.634380204488933	5.561449389597154	5.489167965598828	5.417559935166123	5.346650218389794	5.276464673214154	5.207030114186693	5.138374329136394	5.070526093374288	5.003515180995459	4.937372372854821	4.872129460790233	4.807819247676383	4.744475542911084	4.682133152961258	4.620827866627052	4.560596434715698	4.501476543847707	4.443506784140353	4.386726610520512	4.331176297402708	4.276896886421709	4.223930126826345	4.172318408019098	4.122104683565392	4.073332385802421	4.026045329957524	3.980287606444036	3.9361034597290834	3.893537151837795	3.8526328081360015	3.8134342424829026	3.7759847581383648	3.740326919966328	3.706502292677912	3.674551139549984	3.6445120767702486	3.616421680519425	3.5903140471497106	3.566220312039476	3.5441681406431584	3.5241812138519957	3.5062787350570925	3.490474992757188	3.4767790397990104	3.4651946135556115	3.455720503365056	3.448351640728598	3.443081153022556	3.4399016686694797	3.43877379700245	3.4385734189338693	3.4385429219428794	3.4385403331691116	3.4385429195058848	3.4385733996639236	3.438773678194308	3.43990125353443	3.443080983481042	3.448352343877889	3.4557227654232086	3.465199192486936	3.476786771654458	3.490486787909248	3.5062955649671794	3.524204090355597	3.544198090342996	3.5662583484653854	3.5903611430190696	3.6164787418926534	3.6445799203077534	3.67463047355837	3.7065937022440325	3.740430856223403	3.776101531557833	3.8135640199955745	3.8527756138209757	3.89369287085929	3.9362718451465573	3.980468288475204	4.026237827243673	4.073536118214428	4.122318986096282	4.1725425453308365	4.224163308050196	4.277138279848506	4.331425044739585	4.386981840432695	4.443767624840595	4.5017421345418125	4.560865935759962	4.621100468301494	4.68240808280963	4.744752071643118	4.808096693668032	4.872407193252236	4.937649813768161	5.003791805933529	5.0708014313461405	5.138647961593206	5.207301673335372	5.276733839778232	5.346916718949373	5.417823539196537	5.489428482313086	5.561706664681501	5.634634116805288	5.708187761575406	5.782345391590303	5.857085645819366	5.9323879858686475	6.0082326720753985	6.084600739624379	6.161473974844476	6.238834891809279	6.3166667093305495	6.394953328400324	6.473679310106622	6.552829854021557	6.632390777040265	6.712348492636316	6.792689990494566	6.873402816485504	6.954475052954527	7.035895299315042	7.117652652954554	7.19973669047588	7.282137449276131	7.3648454094274785	7.4478514759040415	7.531146961497403	7.6147235706643785	7.69857338273532	7.782688831061926	7.867062682140348	7.951688037963831	8.036558368164528	8.121667454823221	8.207009071826851	8.2925768066739	8.378365479694063	8.464373789047556	8.55059988793629	8.637021392011011	8.723594294340522	8.810361515179656	8.897594412866075	8.98536355700125	9.072223033330559	9.156041030041479	9.242335205351392	9.349470027850288	9.466909304445963	9.499646782943115
9.453016469565725	9.419911523502613	9.301853760647106	9.194481884021137	9.107946085873726	9.023792897776842	8.936582836050853	8.848479546587184	8.760914861640947	8.673808115146668	8.58688904060198	8.500117048162021	8.41353623538513	8.327168322522514	8.241014805177567	8.15507685701931	8.069359503421682	7.983868939586666	7.898611156061458	7.813592135146557	7.728818166509545	7.644295897749694	7.560032302757038	7.476034681131656	7.39231068025457	7.308868317133115	7.2257159964377475	7.142862528148409	7.060317146246324	6.9780895281273825	6.896189814355896	6.8146286286827635	6.733417098339363	6.652566874596476	6.572090153576072	6.49199969733031	6.412308855229318	6.33303158571597	6.254182478492012	6.1757767771970435	6.097830402630808	6.02035997655141	5.943382846059222	5.8669171085499725	5.790981637191951	5.715596106851825	5.640781020361285	5.566557734982499	5.492948488893913	5.419976427479609	5.347665629165328	5.276041130503522	5.205128950169143	5.134956111488936	5.0655506630912095	4.996941697231944	4.929159365328626	4.862234890216379	4.796200574633602	4.731089805447202	4.666937053140901	4.603777866113906	4.541648859369719	4.480587697213379	4.420633069615606	4.361824661938303	4.304203117740037	4.247809994383614	4.192687711140944	4.138879489423803	4.086429284655717	4.03538170913659	3.9857819450415666	3.937675646447192	3.891108829000395	3.846127745538724	3.8027787456180127	3.761108116475344	3.7211619024043587	3.682985698785467	3.6466244160612886	3.612122007907275	3.5795211571494248	3.548862913211769	3.520186276400302	3.4935277274440577	3.4689207064241856	3.446395054463906	3.42597644204329	3.4076858149703533	3.3915388969260114	3.3775458157294933	3.3657109842527966	3.3560334490700563	3.3485079905708552	3.343127229102083	3.3398830067776535	3.3387341916593436	3.33853029699569	3.338499259108995	3.338496624167033	3.3384992566973026	3.33853027790508	3.3387340737922	3.339882598528388	3.3431270934426425	3.348508779460375	3.356035878294158	3.3657158467527655	3.377553987516018	3.3915513317528507	3.407703528694829	3.4260004890782163	3.4464264993330005	3.4689605934100203	3.493577050858416	3.520245953340088	3.548933759987312	3.579603870013301	3.612217148319241	3.6467324004837316	3.6831067928645433	3.7212962193019425	3.7612556190415827	3.8029392520217478	3.8463009379073734	3.8912942645714788	3.937872770707368	3.985990106326971	4.035600174186628	4.0866572546451	4.139116116038732	4.192932112311016	4.248061269329267	4.304460361045641	4.3620869764136625	4.420899577763228	4.480857551175023	4.54192124928159	4.604052026853498	4.667212269497599	4.731365415791229	4.796475973192477	4.8625095280938355	4.929432750418273	4.997213393187098	5.065820287514372	5.135223333500276	5.205393487504296	5.276302746277911	5.3479241284262145	5.420231653649469	5.493200320190393	5.566806080882754	5.64102581816291	5.715837318369867	5.7912192456222185	5.867151115522644	5.943613268903083	6.02058684578618	6.098053759701451	6.175996672457905	6.254398969439147	6.333244735453107	6.412518731137838	6.492206369899006	6.572293695335675	6.652767359100572	6.733614599140292	6.814823218269288	6.896381563047753	6.978278502956299	7.060503409887737	7.143046137995617	7.225897003923979	7.309046767401842	7.392486612253578	7.47620812816427	7.56020329346857	7.6444644574646015	7.728984318782892	7.8137559033884365	7.89877256512823	7.984028017147482	8.069516280587601	8.155231367898573	8.241167087143136	8.32731842083254	8.413684206913054	8.500262938244202	8.587032830089187	8.673949778879477	8.76105473019509	8.848618411035645	8.936720027474623	9.023923425584648	9.108068220553546	9.194621927484306	9.302051486372644	9.420050209045803	9.453016469565725
9.406970400897826	9.373640172141238	9.25502751829199	9.147361776718107	9.060567025560173	8.976088660091595	8.888536863143155	8.800103206926353	8.712209748830047	8.624767390099093	8.537506560197558	8.450388612084039	8.363457722499742	8.276735023226832	8.190221683766536	8.103918744029995	8.017831069907837	7.931964638821455	7.846325205325742	7.760918513989674	7.6757506107025275	7.590827889289861	7.50615706042063	7.421745152554483	7.337599534883733	7.25372793978551	7.170138481659025	7.086839675610448	7.0038404573432125	6.921150203892645	6.838778754808411	6.756736433682749	6.6750340700009785	6.593683021272436	6.512695195408536	6.432083073351748	6.351859731995779	6.27203886746131	6.192634818803116	6.113662592224818	6.035137885868751	5.957077115232228	5.879497439240462	5.802416786982262	5.725853885088322	5.649828285703556	5.57436039497382	5.4994715019331935	5.425183807639938	5.351520454367326	5.278505554610206	5.206164219620062	5.134522587131963	5.063607847897554	4.993448270591159	4.924073224612955	4.855513200276099	4.787799825835721	4.720965880798617	4.655045304945039	4.590073202499132	4.526085840902606	4.463120643676508	4.401216176896296	4.340412128852598	4.280749282518415	4.22226948048581	4.165015582061217	4.109031412206577	4.054361701970589	4.001052019958771	3.9491486942342644	3.898698723822818	3.8497496787217322	3.802349586995162	3.756546807184513	3.712389883869876	3.6699273837680555	3.629207709199593	3.5902788850160334	3.5531883140607956	3.5179824950006613	3.4847066952869206	3.4534045716776456	3.4241177316548588	3.3968852317811313	3.3717430149952556	3.348723299327312	3.327853943142601	3.3091578216600124	3.29265225960224	3.278348594786877	3.266252012145148	3.2563618696235785	3.2486728087184678	3.2431769181605845	3.239865200218887	3.2386946671294257	3.238487139691497	3.238455542800783	3.238452860135391	3.238455540420956	3.2384871208291752	3.238694550481411	3.2398648001201447	3.2431768196707425	3.248673690029855	3.2563644779488863	3.2662571777442504	3.2783572362764053	3.292665376758935	3.3091764770093093	3.327879235236984	3.3487563312072317	3.371784861176795	3.396936906490165	3.424180160216251	3.4534785662022993	3.484792935209355	3.5180815126341596	3.553300485114216	3.5904044238867274	3.629346668761231	3.6700796592810194	3.7125552205530212	3.756724810912147	3.802539737534009	3.8499513449043645	3.8989111800637586	3.9493711378255245	4.001283588625247	4.054601491216696	4.109278492040665	4.165269012742527	4.22252832699973	4.281012627549494	4.340679084090285	4.401485892574287	4.463392316310545	4.5263587192512045	4.59034659182411	4.655318569691952	4.721238445849832	4.788071176510528	4.85578288126357	4.92434083802544	4.993713473320962	5.0638703484482	5.134782142080206	5.20642062984657	5.278758661417092	5.35177013558023	5.425429973772306	5.4997140924717645	5.574599374828098	5.650063641849116	5.7260856234245985	5.802644929419923	5.879722021030638	5.957298182548286	6.035355493648944	6.113876802278961	6.192845698177178	6.272246487040309	6.352064165308981	6.432284395528119	6.512893482218854	6.593878348192089	6.675226511237702	6.756926061137847	6.838965636976333	6.921334404746863	7.004022035297863	7.08701868267754	7.170314962931479	7.253901933361233	7.337771072305223	7.421914259777413	7.506323759251452	7.590992199157113	7.6759125505697225	7.761078104217202	7.846482469340595	7.932119604400058	8.017983769590657	8.104069214352437	8.190369965046063	8.276881163571947	8.36360178129617	8.450530637695774	8.537646537619912	8.624905294717458	8.712345898765413	8.800238379523819	8.888670435109024	8.976215760753755	9.06068584221102	9.147497932075629	9.255220351711854	9.37377605168517	9.406970400897826
9.36151524519074	9.32796040909845	9.208795252296536	9.100837447680044	9.013784830778416	8.92898272128322	8.841091084887138	8.752328988505697	8.66410863061619	8.576332621731536	8.488732151633746	8.401270498388978	8.313991905738629	8.226916928068599	8.14004642270727	8.053381303456737	7.966926281288491	7.880687120305494	7.794669343251137	7.708878459993809	7.6233202742330395	7.538000926132635	7.452926861631736	7.368104834672936	7.283541930772686	7.199245589884867	7.115223625891033	7.03148424622404	6.948036072907343	6.864888164609955	6.782050039298364	6.699531697348887	6.617343645054825	6.53549691844996	6.454003107390065	6.372874379882571	6.292123506700321	6.211763886346197	6.13180957045113	6.052275289691145	5.97317648030218	5.894529311257478	5.816350712154337	5.73865840183676	5.661470917758653	5.584807646068006	5.508688852364906	5.433135713053817	5.3581703471726	5.283815848536692	5.210096317987118	5.13703689547644	5.064663791668833	4.9930043186708915	4.922086919450621	4.851941195445647	4.782597931810182	4.714089119706482	4.646447975012715	4.579708952797587	4.513907756904591	4.449081343996355	4.3852679214326455	4.322506938393405	4.260839069708542	4.200306191914771	4.14095135111925	4.082818722299797	4.025953559698107	3.9704021379501	3.916211683529715	3.8634302959453404	3.81210685791432	3.7622909334519234	3.7140326524556664	3.6673825799559605	3.622391567749602	3.5791105856341794	3.537590528887909	3.4978819978978932	3.4600350447965758	3.4240988805996073	3.3901215349324687	3.3581494595204164	3.3282270667292893	3.3003961964393893	3.274695510375823	3.2511598245261566	3.229819405186065	3.210699266884918	3.1938185237715206	3.1791898787716413	3.166819401028652	3.1567068236934257	3.148846665088811	3.1432304559512936	3.139848299745159	3.1386552278841444	3.138443945292362	3.1384117703045287	3.138409038274904	3.138411767963119	3.138443926707616	3.1386551127384954	3.1398479091085805	3.143230398121886	3.148847645998808	3.1567096240077896	3.1668248908506134	3.1791990221351654	3.1938323692193658	3.210718925879401	3.22984602184907	3.251194540744171	3.2747394299894315	3.300450351412863	3.328292387225508	3.358226748955087	3.390211450472548	3.4242019192021846	3.460151534681386	3.4980120952206786	3.5377342192725427	3.579267690109563	3.6225617525325857	3.6675653694420514	3.7142274447366965	3.762497017674479	3.8123234328167195	3.8636564889540965	3.916446569850605	3.970644759149676	4.026202941337304	4.083073890251796	4.141211346278663	4.200570083083113	4.261105964519684	4.322775992219505	4.385538344282985	4.44935240548554	4.514178789420278	4.579979353039286	4.646717204101488	4.714356702080571	4.782863453124944	4.852204299689723	4.922347305476235	4.993261736317113	5.064918037634596	5.137287809076756	5.210343776902528	5.284059764643407	5.35841066251975	5.4333723960354074	5.508921894118153	5.585037057117375	5.661696724916501	5.738880645366902	5.816569443203201	5.894744589557305	5.9733883721496275	6.052483866200388	6.132014906071529	6.211966057620217	6.2923225912194525	6.3730704553807955	6.454196250901644	6.535687205456366	6.617531148559468	6.699716486849538	6.782232179673641	6.865067714990556	6.948213085653966	7.031658766169032	7.11539569000824	7.199415227524559	7.283709164536719	7.368269681917736	7.453089336487175	7.538161041829687	7.623478045468158	7.709033905063392	7.794822485763771	7.880837990268881	7.967074915129857	8.05352774270623	8.140190713072423	8.227059122618645	8.314132067963078	8.401408680624206	8.488868343348013	8.576466798826331	8.664241098514186	8.752460509707621	8.84122107896509	8.929106435559016	9.013900373954973	9.1009697705341	9.208983248190425	9.328093498798076	9.36151524519074
9.316657953542942	9.282879197636738	9.163163913143185	9.054915787832412	8.9676063309875	8.88248184258404	8.794252179207561	8.705163474427911	8.616617987675689	8.528510179910281	8.44057206450726	8.35276882773642	8.265144769593244	8.17771987926661	8.090494716906054	8.0034700792682	7.91665052880044	7.83004162291729	7.743648659203413	7.657476918631369	7.571531967347703	7.485819695231748	7.400346285399733	7.315118217402261	7.230142291120697	7.145425649790955	7.060975799946831	6.976800631832049	6.892908441488579	6.809307954079204	6.726008347996657	6.64301927958161	6.560350908337233	6.478013922523088	6.396019565044044	6.314379659609814	6.233106637194709	6.152213562862919	6.071714163042782	5.991622853337822	5.91195476695664	5.832725783832364	5.753952560488501	5.675652560693498	5.597844086930995	5.520546312695079	5.443779315597991	5.367564111249495	5.291922687831207	5.216878041245013	5.142454210662311	5.068676314241249	4.995570584713835	4.923164404475415	4.85148633973784	4.780566173237184	4.710434934919509	4.64112492996733	4.572669763477523	4.505104361061705	4.43846498461486	4.372789242489547	4.308116093323139	4.244485842795135	4.181940132640147	4.120521921306449	4.0602754557235174	4.001246233714339	3.9434809566450877	3.8870274719284983	3.8319347049678676	3.7782525800262023	3.726031929313604	3.6753243892975185	3.6261822828561727	3.578658485426233	3.5328062727614187	3.4886791473411534	3.446330639841661	3.405814081324937	3.3671823407565875	3.330487521037103	3.295780605086515	3.263111042059321	3.232526262974604	3.2040711160027704	3.1777872169114736	3.1537122223074423	3.131879050462205	3.112315090857787	3.0950414613123534	3.0800724085161653	3.067415016599809	3.0570694695076024	3.049030182437431	3.0432880996850353	3.0398323605902124	3.0386158789138236	3.038400712087952	3.038367938842556	3.03836515571482	3.038367936545537	3.038400693827103	3.0386157655440518	3.0398319807271053	3.0432880861529377	3.04903127057106	3.057072475634042	3.0674208533909026	3.08008208841148	3.0950560844644706	3.112335819912598	3.131907076369387	3.153748725805675	3.1778333297965147	3.2041278852257817	3.2325946194780624	3.2631917753318707	3.2958743438067915	3.330594719833304	3.3673032729216126	3.405948837193697	3.4464791304044446	3.4888411125314014	3.5329812937398435	3.578846000107377	3.6263816038952763	3.6755347237680582	3.726252399345921	3.7784822437330856	3.8321725770469612	3.887272543402014	3.9437322132752133	4.001502672718354	4.060536100504768	4.120785834012732	4.18220642445536	4.2447536819587	4.308384710950743	4.373057936335118	4.438733120965509	4.505371374993552	4.572935157720942	4.641388272636201	4.710695856352424	4.7808243621820035	4.851741539087422	4.9234164067349075	4.9958192273511015	5.06892147504373	5.14269580319728	5.217116010496227	5.292157006063961	5.367794774138125	5.444006338635173	5.520769727891391	5.598063939806107	5.67586890755704	5.754165466008422	5.832935318889672	5.912161006785633	5.991825875947684	6.071914047907552	6.152410389851706	6.233300485694123	6.314570607769912	6.396207689064059	6.478199295890994	6.56053360095402	6.643199356739785	6.726185869240431	6.809482972042137	6.893081000868823	6.9769707687084885	7.061143541645537	7.145591015470607	7.230305293158633	7.315278863541433	7.400504581481716	7.485975648216723	7.5716855882426355	7.657628224957491	7.743797676736165	7.8301883864745845	7.916795081681311	8.003612471138284	8.09063500188294	8.177858118012455	8.265281031708561	8.352903170740609	8.440704482757944	8.528640649699716	8.6167468012279	8.705291377925706	8.794378631945053	8.88260220757041	8.967718642480524	9.055044331166025	9.16334712304017	9.283009511350276	9.316657953542942
9.272405747358675	9.238403784388101	9.118140765951347	9.009604018701056	8.92203869968626	8.836593145745171	8.748027201315205	8.658613640302214	8.569744706895444	8.48130685294631	8.393032977236246	8.304890157619317	8.216922740587785	8.129150163074774	8.041572703768221	7.954191052558897	7.867009631346915	7.78003379945944	7.693268638299567	7.606719208419769	7.52039084603906	7.434289197382736	7.348420188111102	7.262790027123456	7.17740523043251	7.092272644054366	7.007399464161729	6.922793258086969	6.838461987305894	6.754414031913892	6.670658216112221	6.5872038344817945	6.504060678885417	6.421239065844762	6.33874986428493	6.2566045236097105	6.1748151021304185	6.09339429590878	6.012355468092012	5.931712678821514	5.851480715791098	5.7716751255217265	5.692312245410989	5.613409236608195	5.534984117759156	5.457055799655784	5.379644120811767	5.302769883963941	5.226454893467618	5.1507219935124	5.0755951070325676	5.001099275124	4.927260696708949	4.854106768112443	4.78166612213196	4.709968666097592	4.6390456183362465	4.568929542373495	4.499654378133922	4.431255469338424	4.363769586248654	4.297234942878089	4.231691207779843	4.1671795075358595	4.103742422111956	4.041423971306181	3.9802695915992476	3.920326102805952	3.861641664012432	3.804265718347828	3.748248926157785	3.693643086094887	3.6405010434916885	3.588876585114838	3.5388243190032695	3.4903995375730084	3.4436580615490504	3.398656061600398	3.3554498538317463	3.3140956644729003	3.274649358053658	3.23716612191745	3.2017000981520494	3.1683039521050462	3.1370283649307247	3.1079214372610764	3.081027995238733	3.056388802292056	3.034039699098806	3.014010714558733	2.99632521402847	2.980999194229885	2.9680409073471097	2.957451078024878	2.949224043775237	2.9433501316309334	2.9398174440046954	2.9385766267137012	2.9383574392877194	2.938324046460474	2.938321210399076	2.938324044213005	2.9383574213929387	2.9385765153782972	2.939817076206393	2.943350166140961	2.9492252471585028	2.957454304691899	2.9680471155026984	2.981009447920374	2.9963406679783406	3.014032584810951	3.034069224476557	3.056427202002078	3.0810764271153084	3.1079809598129953	3.137099905040895	3.1683882792515634	3.2017978054254206	3.237277613794944	3.2747748447095466	3.314235162246937	3.3556031913125857	3.398822890622758	3.4438378722847767	3.4905916768352787	3.5390280108778422	3.5890909530667625	3.6407251331527117	3.6938758880040066	3.7484893978010865	3.8045128049253867	3.861894317452303	3.920583298649044	3.980530343491306	4.041687342948662	4.104007536635072	4.167445554357771	4.231957447100795	4.297500708024188	4.364034284126038	4.431518579285402	4.499915449467689	4.569188190921891	4.639301522226257	4.710221561044545	4.781915796439993	4.854353057561164	4.927503479466265	5.001338466792754	5.0758306559102415	5.150953876118942	5.226683110376562	5.302994455955856	5.379865085356654	5.4572732077221575	5.535198030942331	5.613619724568433	5.692519383613243	5.771878993271012	5.851681394559004	5.931910250857135	6.01255001530214	6.093585898976516	6.175003839819576	6.256790472178911	6.3389330969172475	6.421419651995063	6.504238683466094	6.587379316852956	6.670831228912189	6.754584619850197	6.838630186107805	6.9229590938760985	7.00756295350573	7.0924337949164435	7.177564044115292	7.262946501144733	7.348574319768629	7.434440987601079	7.520540302987103	7.60686635039654	7.69341349551692	7.780176414455028	7.867150057667184	7.954329351591128	8.041708941534552	8.12928441092347	8.21705507663396	8.305020646057793	8.393161617856983	8.481433622256144	8.569869883199601	8.658737951649693	8.748150143182555	8.836710194116014	8.922147818024552	9.00972883255341	9.118319237796998	9.23853133340602	9.272405747358675
9.22876610318545	9.194541684995418	9.073733378232465	8.964909681790123	8.877089445849629	8.79132410710628	8.702423580703599	8.61268685444868	8.523496085148432	8.434729855307443	8.346122009041366	8.25764149893437	8.16933270876478	8.081214536513205	7.993286995499655	7.905550679726706	7.818009879817973	7.730669767324394	7.643535218528421	7.556611084484961	7.4699024818944	7.383414823035627	7.297153784810324	7.211125312760173	7.1253356445475795	7.039791332394366	6.954499263172556	6.869466679761617	6.784701204720977	6.700210865738321	6.616004122333447	6.5320898935509515	6.448477586441057	6.365177125146269	6.282198980471609	6.19955419989448	6.117254438032198	6.035311987620554	5.95373981107036	5.872551572668428	5.791761671482652	5.71138527502385	5.63143835371375	5.55193771620927	5.472901045636256	5.394346936787209	5.316294934333629	5.238765572090799	5.161780413348833	5.08536209224758	5.009534356123791	4.934322108697618	4.859751453892716	4.785849740001393	4.71264560381535	4.640169014245808	4.5684513148570725	4.4975252646378285	4.427425076238184	4.358186450811674	4.289846608524938	4.22244431373876	4.156019893828049	4.090615250599686	4.026273863288692	3.96304078216499	3.900962611862404	3.8400874836421783	3.7804650159146287	3.722146262447608	3.665183647764308	3.6096308892433058	3.555542905344895	3.502975709166106	3.4519862861472035	3.402632454204581	3.3549727038647945	3.3090660151679026	3.264971647244835	3.2227488955417285	3.1824568105512774	3.144153870476629	3.107897598446221	3.0737441126996927	3.0417475956154183	3.011959665639171	2.9844286386705154	2.959198676777965	2.9363088423651327	2.915792100340898	2.897674341313581	2.8819735506777224	2.8686993285106257	2.857853047637271	2.849429000149242	2.8434168623142098	2.8398036179688093	2.83853747929556	2.8383141269171888	2.8382800919054643	2.838277200963659	2.8382800897131006	2.8383141094328543	2.838537370260235	2.8398032635527217	2.843416948724175	2.8494303271620525	2.857856510426831	2.86870593409925	2.8819844182087646	2.8976906832029417	2.915815188198646	2.936339963666795	2.959239088338317	2.984479521790997	3.0120220861544835	3.0418224705911094	3.073832184526329	3.10799941651716	3.1442697803468533	3.1825869502765056	3.222893198698036	3.2651298519244696	3.3092376780747883	3.3551572185272436	3.4028290722904475	3.452194140892228	3.5031938399852547	3.5557702827697275	3.6098664394070497	3.6654262757408196	3.7223948738456833	3.7807185362392266	3.8403448750591425	3.9012228871383745	3.963303015691056	4.026537199225045	4.090878908290108	4.156283170721352	4.222706586116313	4.290107330369554	4.358445151165945	4.427681355393808	4.497778789475683	4.568701813625092	4.640416271021995	4.712889452860331	4.786090060162205	4.859988163179643	4.934555159120956	5.009763728848361	5.085587793099634	5.16200246869226	5.238984025076266	5.316509841514785	5.394558365091855	5.473109069677144	5.552142415918817	5.631639812289128	5.711583577172146	5.791956901958234	5.872743815093567	5.953929147022391	6.03549849595326	6.117438194375912	6.199735276253328	6.282377444814723	6.365353040883236	6.448651011690348	6.532260880160094	6.616172714690387	6.700377099514281	6.784865105785217	6.869628263580775	6.954658535023623	7.039948288660717	7.125490275227757	7.211277605115297	7.297303727842735	7.383562412275574	7.4700477238302065	7.556753999970309	7.6436758446563795	7.730808157429131	7.818146101264985	7.905684809458276	7.993419115236304	8.08134473171213	8.169461068779396	8.257768096388457	8.346246849852585	8.43485291602623	8.523617629287576	8.612807589821925	8.702543035069631	8.791437866321385	8.877195405747319	8.965030812888756	9.073907156050831	9.194666477777915	9.22876610318545
9.185746735440757	9.151300667363557	9.029949604528147	8.920840624395884	8.832766401352803	8.746682547074998	8.657449112919041	8.567390872230732	8.477879826544992	8.38878682815612	8.299846724134252	8.21103032420869	8.122382040376051	8.03392024498399	7.945644702128885	7.857555921384995	7.7696580723531925	7.681956150514273	7.594454839847242	7.507158794936644	7.4200729258071485	7.333202423235995	7.246552727086958	7.160129530144388	7.073938800831931	6.987986804882606	6.902280125083835	6.81682568272378	6.731630761697313	6.646703034676381	6.562050590786493	6.477681964484476	6.393606165406477	6.309832708988654	6.226371647735449	6.143233603093477	6.060429797948344	5.977972089790365	5.895873004600449	5.814145771500464	5.732804358202273	5.651863507283818	5.571338773322341	5.491246560923642	5.411604163699356	5.332429804256573	5.253742675271236	5.175562981714725	5.097911984289004	5.020812044098195	4.944286668542499	4.868360558363906	4.793059655702595	4.7184111929388655	4.644443741999734	4.571187263703092	4.498673156598438	4.426934304643863	4.3560051229380585	4.285921600608246	4.216721339846112	4.148443589990801	4.081129275487553	4.014821016508724	3.9495631410153273	3.8854016870650563	3.822384394237937	3.7605606831518212	3.699981622169388	3.640699880541027	3.5827696673574176	3.526246655765506	3.4711878918892114	3.417651687747498	3.3656974971362046	3.3153857729050715	3.2667778033129147	3.2199355242177323	3.1749213028164993	3.1317976875210656	3.090627117292182	3.051471582266297	3.0143922257217772	2.979448875126989	2.9466994868625784	2.9161994859907674	2.8880009828783364	2.8621518579773397	2.8386947262891167	2.8176658209662624	2.799093874109491	2.782999136389746	2.769392767944817	2.7582769190797616	2.749645877544318	2.7434886323145022	2.7397909563361202	2.7384984445997214	2.7382707741019625	2.7382360728874158	2.7382331249961367	2.738236070758875	2.7382707570890497	2.7384983381881582	2.739790616755808	2.743488774642068	2.7496473368765715	2.758280634362764	2.769399798744865	2.7830106608356093	2.7991111656353143	2.8176902088557423	2.8387275471086535	2.862194404708955	2.8880544569403677	2.916264955368528	2.9467778519721644	2.9795408430419634	3.014498292877994	3.051592025472867	3.090761992631236	3.1319468364589933	3.17508436460803	3.2201119535143947	3.2669668918137935	3.315586673898315	3.3659092518426745	3.417873252462647	3.471418165008437	3.526484503868884	3.58301394962776	3.6409494709022967	3.700235428664665	3.760817664229383	3.822643571772954	3.885662156101759	3.9498240763581074	4.015081676409891	4.081389002767437	4.148701810979898	4.216977561560946	4.286175406567193	4.356256167997297	4.427182309193438	4.498917900409995	4.571428579669028	4.644681509952055	4.718645333687853	4.79329012539282	4.8685873432094615	4.944509779975285	5.021031514342359	5.098127862359971	5.175775329831717	5.25395156566596	5.332635316357454	5.411806381669432	5.491445571531138	5.571534664125668	5.652056365116501	5.73299426794642	5.814332815137231	5.8960572605195445	5.978153632325805	6.060608697084303	6.143409924256077	6.226545451561388	6.310004050950951	6.3937750951937184	6.477848525081543	6.562214817293566	6.646864953018817	6.731790387499472	6.816983020712899	6.902435169420546	6.988139540754914	7.074089207489515	7.160277585304825	7.2466984123548706	7.333345729898619	7.420213860177583	7.507297382389565	7.5945911268630315	7.682090204283286	7.769789977593822	7.857685774421147	7.945772604230909	8.034046299270258	8.122506350344215	8.211152972859662	8.29996772436276	8.388906156446078	8.47799773067784	8.567508037493996	8.657565095176428	8.746793038631694	8.832869233137796	8.920958115752716	9.030118728065505	9.151422709274854	9.185746735440757
9.143355577524291	9.108688733024826	8.986797568450298	8.877404982354143	8.789077704837485	8.702676615416856	8.613111946440513	8.52273382477417	8.432904033326686	8.343485832777025	8.254215128064084	8.165064567306882	8.076078581459583	7.987275030286481	7.898653444571771	7.810214261107216	7.721961539387359	7.6339001115667235	7.546034483491783	7.458369127961714	7.3709087631234995	7.283658372945928	7.196623174529164	7.1098086213870975	7.023220425068508	6.936864575766656	6.850747361443686	6.764875389086538	6.679255608951312	6.59389534114186	6.508802303930312	6.423984643488246	6.339450964783955	6.255210363451223	6.171272458517704	6.087647425964515	6.004346033140448	5.9213796740712255	5.838760405697742	5.756500985060996	5.674614907436352	5.593116445413608	5.5120206889247285	5.431343586236789	5.351101985949559	5.271313680059632	5.191997448171206	5.113173102943181	5.034861536860225	4.957084770399773	4.879866001636115	4.803229657275965	4.72720144505677	4.651808407359346	4.5770789757909744	4.503043026384222	4.429731934932022	4.357178631843049	4.285417655756815	4.214485205010531	4.144419185906368	4.07525925659582	4.0070468652851154	3.939825281379291	3.873639618130465	3.8085368453450084	3.74456579074131	3.6817771286373686	3.620223354782253	3.55995874631393	3.501039306003022	3.4435226900915787	3.387468119113698	3.3329362710392343	3.2799891558540657	3.2286899702204805	3.179102930110456	3.131293078281989	3.0853260622313177	3.041267876860766	2.999184564573358	2.9591418638511784	2.9212047955741505	2.8854371740632843	2.851901026385784	2.8206558991033113	2.7917580298555773	2.7652593678843704	2.741206446129549	2.7196391375685764	2.7005893756735815	2.684079997477342	2.6701239745880843	2.6587243914818393	2.6498755841534614	2.6435658142239222	2.6397795381855675	2.638459529159058	2.638227377599903	2.6381919845813813	2.638188977534269	2.6381919825300955	2.638227361144663	2.638459425786865	2.639779215108297	2.643566016684343	2.649877184790127	2.6587283764166916	2.6701314602062918	2.6840922252684583	2.7006076836535127	2.719664914700759	2.7412410780853875	2.7653041816821973	2.79181424277569	2.820724575019307	2.8519830409993534	2.885533189590854	2.921315244949727	2.9592669441789954	2.9993242392325077	3.0414218853328108	3.0854939364592084	3.131474164226481	3.179296413150361	3.228894903108682	3.2802044880461336	3.333160878323043	3.38770083257492	3.443762323555684	3.501284681210475	3.5602087152209925	3.6204768185378247	3.682033052961809	3.7448232176152296	3.8087949010908013	3.8738975181230653	3.9400823317439984	4.007302462022494	4.075512882614835	4.1446704064504205	4.214733661934014	4.285663061061349	4.3574207608220235	4.429970619207143	4.503278147054317	4.577310456854876	4.652036209523474	4.727425559995228	4.80345010237712	4.880082815244501	4.957298007545055	5.0350712654544045	5.113379400421632	5.192200398550514	5.271513371384649	5.351298508102664	5.431537029083971	5.512211140775939	5.593303991778384	5.674799630059036	5.756682961220618	5.838939707752919	5.921556369217572	6.004520183326032	6.08781908788052	6.171441683553979	6.255377197491292	6.339615447725396	6.424146808423769	6.508962176016965	6.594052936312862	6.679410932764366	6.765028436118444	6.850898115691987	6.93701301246811	7.0233665141734045	7.109952332648282	7.1967644838176446	7.283797269059054	7.371045254095596	7.458503245819072	7.54616628656445	7.634029683759989	7.722088986020771	7.810339701421119	7.898777003007147	7.987396831048165	8.076198745082399	8.165183189195991	8.254332229063113	8.343601389297929	8.433018276514348	8.522847415036459	8.613224463421249	8.702783854241973	8.789177433920695	8.877518872852319	8.98696207280215	9.108808026059064	9.143355577524291
9.101600761777295	9.066714097093302	8.944285642629382	8.834611160222881	8.746031782501271	8.659314772815302	8.569420565104966	8.478724202477096	8.38857719076926	8.298835337216907	8.209235656491261	8.11975261481925	8.030430652411974	7.941287129019903	7.8523213575661455	7.763533713626244	7.674928157848676	7.5865093724569785	7.4982817002291915	7.410249447992593	7.322417158188577	7.234789624312298	7.14737185692612	7.060169086080379	6.97318678156224	6.8864306722016595	6.799906764127595	6.713621361554403	6.627581090842431	6.541792927118692	6.456264222839989	6.371002737957518	6.286016671446088	6.201314694027615	6.116905982008305	6.032800252227986	5.94900779815954	5.865539527197973	5.782406999157597	5.699622465968487	5.617198912541925	5.535150098766287	5.453490602601891	5.372235864263076	5.291402231503822	5.211007006053349	5.131068491275715	5.05160604114816	4.972640110663677	4.894192307761718	4.816285446874765	4.738943604146261	4.662192174325357	4.586057929275153	4.5105690779422645	4.435755327526221	4.3616479454572765	4.288279821642396	4.215685530274882	4.143901390328765	4.0729655236809945	4.002917909630224	3.9338004344182744	3.8656569342189364	3.7985332299497556	3.73247715219838	3.6675385545469124	3.603769313632884	3.5412233144038523	3.4799564191955428	3.4200264194715966	3.3614929692771773	3.304417499637812	3.2488631132213324	3.1948944584953276	3.1425775822609467	3.0919797587462456	3.043169292370919	2.996215289883854	2.951187395888415	2.9081554838774863	2.8671892929212737	2.8283579981989493	2.791729701335798	2.7573708230318146	2.725345375420211	2.6957140878024655	2.668533362690381	2.643854054049346	2.6217200894157133	2.602167012544441	2.5852206198516336	2.5708959935695432	2.5591973436142172	2.5501191218629735	2.5436488182313286	2.5397694504622463	2.538420739905337	2.538183933457488	2.5381478212539808	2.5381447526873333	2.538147819294229	2.5381839176535586	2.538420640028793	2.5397691456763183	2.5436490852036804	2.5501208731520717	2.559201616329469	2.5709039657391872	2.5852336011768693	2.602186409389586	2.6217473522704706	2.6438906172018415	2.6685805842833044	2.6957731957116238	2.7254174219303366	2.7574566496909494	2.791829914520905	2.828472955421729	2.8673190994556923	2.908299998833983	2.9513462464644653	2.9963878922685527	3.0433548776982704	3.0921774025446886	3.1427862359748504	3.1951129818038964	3.2490903060223024	3.3046521326930485	3.3617338126455616	3.4202722679954536	3.4802061144696377	3.541475762841314	3.604023500442528	3.6677935536375923	3.7327321322122833	3.7987874567832565	3.8659097705056067	3.9340513365181757	4.0031664226923045	4.073211275326632	4.14414408345331	4.2159249353921115	4.288515769115532	4.361880317879422	4.435984052439239	4.51079412101998	4.586279288045191	4.662409872463873	4.7391576863501905	4.816495974295962	4.89439935397505	4.972843758135136	5.051806378167403	5.131265609318292	5.2112009975396525	5.291593187923788	5.372423874637526	5.4536757522537105	5.535332468377373	5.6173785774747715	5.6997994958327665	5.782581457599406	5.865711471879818	5.949177280880404	6.032967319106445	6.117070673623371	6.201477045392867	6.286176711697394	6.371160489677686	6.45641970103312	6.541946137978959	6.62773203061564	6.713770015929212	6.80005310866917	6.8865746743082354	6.973328404256136	7.060308293642164	7.147508621984367	7.234923935586643	7.322549027753639	7.410378916803498	7.49840884079867	7.58663428790106	7.6750509768175394	7.763654581234906	7.85244042451098	7.941404543600998	8.030546554842804	8.119867114854733	8.209348783949473	8.298947068558853	8.38868773972849	8.478834202311331	8.569529614930024	8.659418766908724	8.746128428964287	8.83472148424014	8.94444555786918	9.066830639595587	9.101600761777295
9.06049059870228	9.025385167237657	8.902422427046835	8.792467809388691	8.703637326302216	8.616605769205957	8.526383766599139	8.435370833849012	8.344908146649463	8.254844196705431	8.16491715696304	8.075103289695056	7.98544703408259	7.89596526182428	7.806657082805693	7.717522822642892	7.628566354432796	7.539792224112456	7.451204626851719	7.362807719866202	7.274605886792259	7.186603747945388	7.098806124836986	7.011218041509051	6.92384474321935	6.836691714267919	6.749764695180067	6.663069702759302	6.576613053630351	6.490401390501143	6.404441710513937	6.318741395355483	6.23330824292051	6.148150500404397	6.0632768987935295	5.9786966887918105	5.894419678245161	5.8104562711095555	5.72681750797164	5.643515108092066	5.56056151291309	5.477969930960244	5.395754384073649	5.313929754924867	5.232511835804941	5.151517378703021	5.070964146728511	4.990870966959091	4.911257784819682	4.832145720110514	4.753557124803398	4.67551564271149	4.598046271106542	4.521175424305897	4.444930999176727	4.369342442404445	4.294440819245119	4.220258883328579	4.14683114690243	4.074193950711593	4.00238553249809	3.931446092887902	3.861417857214368	3.7923451316230232	3.724274351626146	3.6572541211431484	3.591335239989528	3.5265707177731667	3.4630157722281814	3.4007278101641836	3.3397663894261096	3.280193160529013	3.2220717869171733	3.165467843032687	3.110448689465189	3.057083324265352	3.0054422089236175	2.9555970664757725	2.9076206476918145	2.8615864593595286	2.817568446359139	2.775640616747669	2.735876596724468	2.6983490999888233	2.6631292925877457	2.630286029084834	2.599884930714588	2.5719872760728815	2.546648684744065	2.523917600533759	2.5038336408470467	2.4864259946710026	2.471712212008093	2.459697863281003	2.4503776037074467	2.4437381020259528	2.439760793816026	2.438382088621959	2.4381404412362557	2.4381035804653193	2.4381004478359367	2.438103578604048	2.4381404261446646	2.4383819926117294	2.4397605089917014	2.443738437975778	2.450379515541121	2.459702443267637	2.4717207050669945	2.4864397838954546	2.503854204786638	2.523946452785356	2.5466873071420144	2.572037054121783	2.5999470965262352	2.6303616145613455	2.6632190942059784	2.698453655789561	2.735996175489358	2.7757752186906464	2.8177178140523527	2.861750097185766	2.907797847920494	2.9557869400678944	3.005643719309295	3.057295322530852	3.1106699495836265	3.165697095952739	3.2223077524896397	3.280434576414845	3.340012036304578	3.4009765327530936	3.46326649583795	3.526822460334205	3.59158711970321	3.657505360094612	3.7245242758474	3.7925931681970657	3.8616635290607424	3.931689011869172	4.002625391442389	4.074430514870093	4.147064245265677	4.220488400125442	4.294666685853568	4.369564629821839	4.445149511131997	4.521390291047059	4.598257543862241	4.675723388802234	4.753761423364302	4.832346658380692	4.911455454951944	4.991065463305647	5.071155563561966	5.151705808335629	5.23269736707188	5.314112471999063	5.395934365580923	5.4781472493650245	5.560736234146852	5.643687291398611	5.7269872059429225	5.810623529880367	5.894584537801615	5.978859183326787	6.063437057015959	6.148308345687612	6.233463793172398	6.3188946625259925	6.404592699735555	6.490550098986308	6.576759469610077	6.663213804904006	6.749906453046339	6.836831090310011	6.923981696751697	7.011352534697444	7.0989381303649655	7.18673325752553	7.274732919283839	7.362932327559658	7.451326898584844	7.539912284221746	7.628684356918488	7.717638940625345	7.806771495497413	7.896078143921172	7.985558547608055	8.075213560425041	8.165026224665414	8.25495203813049	8.345014957556634	8.435477218306664	8.526489339089377	8.616706519645817	8.7037309046898	8.792574596517111	8.902577777891409	9.025498953633855	9.06049059870228
9.020033555801668	8.984710522050394	8.861216726188113	8.750983804563681	8.661903270073491	8.57455861942411	8.484010637612972	8.3926828603361	8.301906085998555	8.211521628645688	8.121268864537537	8.031125828006381	7.941136946283997	7.851318614322757	7.761669753055404	7.672190648889751	7.582885098404117	7.49375752473872	7.404811990802614	7.316052520507853	7.227483355648455	7.1391089609049585	7.050933986758633	6.962963269620099	6.875201848857084	6.7876549830436685	6.700328165918112	6.6132271454659515	6.526357946617224	6.4397268967367784	6.35334065328281	6.267206233336753	6.181331044852955	6.095722919569901	6.01039014761557	5.9253415138962335	5.840586336363105	5.7561345062170926	5.671996530060916	5.5881835739588634	5.504707509329292	5.4215809605785115	5.3388173543865785	5.256430970571925	5.1744369944881115	5.092851570937825	5.011691859623565	4.930976092188373	4.85072363093149	4.77095502931029	4.691692094358174	4.612957951155121	4.534777109478832	4.457175532735404	4.380180709214351	4.30382172562979	4.228129342795056	4.1531360731315745	4.078876259534923	4.005386154913094	3.9327040014763943	3.8608701086000896	3.7899269278095815	3.719919123167858	3.650893635093681	3.5828997354237218	3.515989071368349	3.4502156959145784	3.3856360822178497	3.3223091196135464	3.2602960890797075	3.1996606162877868	3.1404686007550477	3.0827881199893303	3.026689307781092	2.9722442058058713	2.919526587312718	2.8686117507855577	2.819576280000518	2.7724977647977225	2.7274544741457425	2.684524969948264	2.643787647003393	2.6053201816851943	2.5691988683810627	2.535497817509551	2.5042879832708236	2.4756359866768367	2.4496027035915873	2.426241606779312	2.4055969102910817	2.38770169762964	2.3725764138568155	2.360228281008213	2.350652272099065	2.343834179569782	2.339753686381515	2.3383435935476276	2.3380969051606835	2.3380592641591567	2.3380560647219824	2.3380592623942063	2.3380968907994606	2.338343501650626	2.339753423014128	2.343834589092786	2.350654355131206	2.3602331895121087	2.3725854652100797	2.3877163536191635	2.40561872530602	2.426272158624329	2.449643519856549	2.4756884755258484	2.504353373511537	2.535577110458639	2.569292802988919	2.6054292136634505	2.6439119418232946	2.684664408631793	2.727608670022117	2.7726660889910777	2.8197578933264515	2.8688056398584276	2.9197316028945055	2.9724591016866997	3.0269127787328856	3.083018837567264	3.140705245941732	3.199901908192207	3.260540809123324	3.3225561308611806	3.3858843437376924	3.450464272272538	3.516237137566077	3.583146577763995	3.6511386485885766	3.7201618061849997	3.7901668746759887	3.861107000855156	3.9329375983943766	4.005616283814672	4.079102806291981	4.153358973153694	4.2283485726819	4.30403729558801	4.380392656273519	4.45738391475367	4.534981999901918	4.613159434477318	4.691890262227618	4.771149977219864	4.850915455439529	4.931164888618234	5.011877720196658	5.0930345832995965	5.174617240589775	5.256608525872079	5.338992287336998	5.421753332358213	5.504877373791619	5.588350977758169	5.672161512927276	5.7562971013468704	5.840746570886886	5.925499409371345	6.010545720469366	6.095876181398644	6.181482002472177	6.267354888498936	6.353487002042465	6.439870928558177	6.526499643476334	6.61336648136491	6.700465107357756	6.787789491027921	6.875333882881266	6.963092793801033	7.051060977819279	7.139233417202601	7.227605305953135	7.316172030952432	7.404929168462696	7.493872516620331	7.582998085038701	7.672301832519097	7.7617793426094135	7.85142681222598	7.941243937740956	8.031231756006177	8.12137377959271	8.211625508117185	8.302009107376627	8.39278559682706	8.484112715350621	8.574656120826221	8.661993789474073	8.751087079492352	8.86136753174826	8.984821542608868	9.020033555801668
8.980238236339428	8.94469888913947	8.820677525412192	8.710168219116014	8.620838764042455	8.533182576732917	8.442310526311617	8.350669707888688	8.259580502003457	8.168877183140793	8.078300372319086	7.987829849982141	7.897510019904028	7.807356810956217	7.717368968397774	7.627546749506117	7.537893884833443	7.448414687666148	7.359113103392181	7.26999303829677	7.181058608714963	7.092314140804434	7.003764131861031	6.915413249234624	6.827266345707079	6.739328474146617	6.651604902145481	6.564101129934111	6.4768229119269005	6.38977628104082	6.30296757518658	6.216403465690773	6.130090987571228	6.044037571687888	5.958251078875438	5.872739836204493	5.7875126755049005	5.702578974234969	5.6179486987185605	5.533632449716312	5.44964151025744	5.3659878956374705	5.282684405482875	5.199744677792121	5.117183244880152	5.0350155911772045	4.953258212861597	4.871928679338699	4.791045696613505	4.71062917264016	4.630700284765387	4.551281549409907	4.472396894146944	4.394071732333806	4.316333040424863	4.239209438036981	4.162731270747859	4.086930695480529	4.011841768160857	3.9375005331265984	3.863945113516015	3.7912158015754684	3.719355147508788	3.648408045160673	3.578421812496987	3.509446264531216	3.4415337760659646	3.3747393313961638	3.309120557990709	3.2447377411671057	3.181653816923274	3.1199343403921325	3.0596474278073607	3.0008636703463747	2.943656018643819	2.8880996370082586	2.834271726275826	2.782251313644999	2.732119006581853	2.6839567057591394	2.6378472688814107	2.5938741133927854	2.552120742085975	2.5126701718853064	2.47560424194155	2.441002771889186	2.4089425356641883	2.3794960127486084	2.352729878150492	2.3287032022279712	2.3074653831195624	2.289053977655665	2.2734928373371304	2.260791199922427	2.250944509656905	2.243937622288708	2.239748261044933	2.238305273914055	2.23805332775558	2.2380148721228976	2.2380116028976413	2.2380148704582625	2.238053314175141	2.238305186497319	2.239748020976031	2.2439381104331773	2.250946775384047	2.260796460010815	2.2735024876564607	2.2890695639571526	2.3074885387266244	2.328735569395272	2.352773027454756	2.379551369191954	2.409011315861282	2.4410859348186214	2.475702454994917	2.5127837930715073	2.5522498179819	2.5940183911774954	2.638006219954162	2.684129558118403	2.732304783195803	2.782448874291491	2.834479810648467	2.8883169072160717	2.9438810995545515	3.001095186534012	3.0598840361646884	3.120174757759129	3.1818968423574345	3.244982272736578	3.309365604201017	3.374984017564176	3.4417773461284096	3.5096880789147487	3.5786613427750296	3.648644866271317	3.719588928303932	3.7914462944166103	3.8641721435362792	3.937723987656452	4.012061586683058	4.087146860353546	4.162943798827915	4.239418373243733	4.316538447236337	4.394273690159959	4.472595492513026	4.551476883874759	4.6308924535007465	4.71081827360169	4.791231825240493	4.872111926726183	4.953438664355401	5.035193325347825	5.117358332835075	5.199917182787369	5.28285438279377	5.366155392646976	5.449806566719532	5.533795098153069	5.618108964913162	5.702736877786996	5.787668230416061	5.872893051458536	5.958401958963761	6.04418611701518	6.130237194662458	6.216547327127308	6.3031090792424855	6.389915411082804	6.476959645781184	6.564235439588418	6.651736754298615	6.739457832180992	6.827393173580335	6.915537517527693	7.003885825786684	7.092433269433028	7.181175214131318	7.270107203030594	7.359224954415028	7.448524395516403	7.538001656862785	7.627652817078009	7.717473570147871	7.80746017720856	7.897612359445436	7.987931323535396	8.07840104161405	8.168977026486175	8.259679678616369	8.350768758914809	8.442409086385988	8.533276818223518	8.620926228523848	8.710268001740591	8.820823799084637	8.944807129795763	8.980238236339428
8.941113358279958	8.905359123221729	8.780813966896655	8.670030299656396	8.580453148247885	8.492487104822136	8.401293012830608	8.309341056100644	8.217941164016105	8.126920710146981	8.036021598114829	7.945225326620889	7.85457626399739	7.764089883121359	7.673764766013832	7.583601150078802	7.493602709534896	7.403773659845756	7.3141178425551185	7.2246390608423905	7.135341320813115	7.0462288261696155	6.957305938046347	6.868577172816707	6.780047215923272	6.691720934992841	6.603603393113834	6.515699865425509	6.428015859244736	6.3405571368508085	6.253329740373207	6.166340018615321	6.079594655823974	5.9931007025149405	5.906865608536611	5.8208972585770455	5.735204010289972	5.649794735154716	5.56467886211799	5.479866424008338	5.395368106673108	5.31119530076337	5.22736015608072	5.143875638397521	5.060755588666434	4.978014784545297	4.895669004180257	4.813735092214491	4.732231028022189	4.6511759962068115	4.570590459446117	4.490496233809506	4.410916566709519	4.331876217671788	4.253401542109813	4.175520578266393	4.098263137426928	4.02166089741429	3.945747499233409	3.8705586465398403	3.7961322073578025	3.7225083171728546	3.6497294821801267	3.577840681089415	3.506889463481168	3.4369260422834267	3.368003377521602	3.300177248120388	3.2335063082620725	3.1680521246763766	3.1038791912824215	3.04105491782792	2.9796495895582393	2.9197362954615595	2.861390823205027	2.804691519384163	2.749719113990945	2.696556507849677	2.6452885208777666	2.5960015970341814	2.5487834584693436	2.5037226968816	2.460908285093454	2.4204289868471656	2.38237263739925	2.3468252614594807	2.3138699899171966	2.2835857338694407	2.256045571338279	2.2313148023427622	2.209448665946729	2.190489854312394	2.1744662353620665	2.1613895227514073	2.151255844392889	2.1440490562128347	2.1397446616422906	2.1382671433438007	2.138009701830762	2.137970393640469	2.1379670513459152	2.137970392111981	2.138009689250602	2.138267061370196	2.1397444480769097	2.144049628973541	2.151258304992111	2.1613951590059335	2.1744765285596386	2.1905064393033844	2.2094732570452993	2.2313491051633796	2.2560911953541445	2.283644113664601	2.3139423193398208	2.3469124435820223	2.382475252371913	2.420547278396979	2.461042164717194	2.5038717633122958	2.548947029172902	2.596178748304445	2.645478133296163	2.69675731423064	2.7499297473358344	2.804910558783879	2.8616168360572405	2.9199678747938087	2.979885385659711	3.0412936637738976	3.104119722268904	3.168293391356221	3.233747384485901	3.300417333642744	3.368241796346953	3.437162237406545	3.507122988823883	3.578071191446339	3.6499567219537803	3.7227321086023792	3.7963524388318706	3.8707752614475	3.945960485664069	4.021870278886336	4.098468964715579	4.175722922321059	4.253600487999805	4.332071859472385	4.4111090032317595	4.490685565079373	4.570776783846409	4.651359408204039	4.732411616409493	4.81391293880951	4.895844182923977	4.9781873609538145	5.06092561959174	5.14404317205501	5.227525232300206	5.311357951417763	5.395528356236455	5.480024290194925	5.564834356558316	5.649947864072275	5.7353547751525475	5.821045656703298	5.907011633638679	5.993244345149115	6.079735903708597	6.166478856769737	6.253466151051233	6.340691099303569	6.4281473494583405	6.515828856127093	6.603729854488892	6.691844836649623	6.780168530610251	6.868695882194654	6.957422040422955	7.046342345563708	7.135452316135531	7.22474763353149	7.314224140858127	7.403877878125016	7.493705081379332	7.583701934852234	7.673864230781034	7.7641882850117865	7.854673834669889	7.9453222442267	8.036117935617177	8.12701644707176	8.218036441583843	8.309436382741307	8.401388029234042	8.49257807153676	8.58053755768751	8.67012660546708	8.78095571645418	8.905464565501694	8.941113358279958
8.90266773361575	8.866700184458495	8.74163532548754	8.630579440286054	8.540755925347636	8.45248184888171	8.36096787852828	8.268706805793173	8.176998083684975	8.08566232440511	7.994442748490231	7.903322543265944	7.812346029320429	7.721528233127126	7.630867585035629	7.540364310878236	7.4500220371961206	7.359844892424765	7.269836626485645	7.180000952378152	7.090341779580418	7.000863203858532	6.911569465848208	6.822464947952916	6.733554186806032	6.644841884961087	6.556332922816246	6.468032373767748	6.379945522700985	6.292077886939493	6.204435239162112	6.1170236322101434	6.029849425888289	5.9429193159558915	5.856240365561067	5.769820039375503	5.683666240645874	5.597787351312678	5.51219227528243	5.426890484886902	5.341892070525962	5.257207793465562	5.172849141744552	5.0888283891298425	5.005158657047981	4.921853979413817	4.838929370276728	4.75640089421504	4.674285739431726	4.592602293539507	4.511370222068924	4.43061054978396	4.350345744940627	4.270599806667892	4.191398355681497	4.112768728552658	4.034740075737426	3.9573434635178084	3.880611979901627	3.8045808443658244	3.729287521103755	3.6547718351510676	3.581076090417052	3.5082451882359575	3.4363267445740564	3.3653712034931527	3.295431943912105	3.2265653761785766	3.158831024523718	3.0922915911696243	3.0270129977199276	2.96306439950743	2.90051816882488	2.8394498434462907	2.7799380375325042	2.7220643128036706	2.6659130085649836	2.6115710295124535	2.559127589825892	2.5086739103770275	2.460302862557107	2.414108547357402	2.370185792494546	2.3286295438798	2.2895341202514548	2.2529922918790746	2.219094138785974	2.187925642269125	2.159566960099217	2.134090329178779	2.111557562606049	2.0920172366595495	2.0755019559391363	2.0620264942821813	2.0515879661343877	2.044169169745146	2.0397430515179034	2.0382292156347357	2.0379660145037732	2.0379258111007297	2.0379223920475233	2.0379258097904147	2.037966003398758	2.03822914100464	2.0397428697907776	2.044169834291818	2.0515906341531265	2.0620325325791393	2.0755129393642817	2.092034893841973	2.1115836893770346	2.134126691787443	2.1596152012238727	2.187987196933716	2.2191701652780975	2.2530836215703838	2.2896412285749936	2.3287525426622944	2.3703244418176244	2.4142622836399674	2.4604708388677796	2.508855044961716	2.559320619150427	2.6117745625469806	2.666125579509763	2.7222844299810047	2.780164226742666	2.83968068467469	2.9007523257482357	2.9633006417353043	3.0272502160936776	3.0925288067110595	3.1590673917879672	3.22680018184329	3.295664601458288	3.3656012448277286	3.4365538094248493	3.50846901211615	3.581296491899756	3.6549887031069135	3.7295008024349414	3.8047905326289655	3.8808181050662034	3.9575460829751608	4.034939266570289	4.11296458100282	4.191590967711937	4.270789279499532	4.350532179444495	4.430794043619287	4.511550867470348	4.59278017566862	4.674460935218233	4.756573471621162	4.839099387925797	4.92202148653057	5.005323693663325	5.088990986505925	5.173009322975934	5.257365574209442	5.342047459810577	5.427043485945232	5.512342886361449	5.597935566418696	5.683812050203057	5.769963430793475	5.856381323722097	5.943057823636627	6.029985464123651	6.117157180594196	6.20456627607713	6.292206389729707	6.380071467877055	6.4681557374434435	6.556453681716895	6.644960018455504	6.7336696804333505	6.822577798779494	6.911679689662602	7.0009708437118965	7.0904469145943905	7.180103705235438	7.269937167774276	7.359943440091516	7.4501188496945625	7.540459673415404	7.63096179061889	7.721621563335743	7.812438736811815	7.9034148223960035	7.994534682908106	8.085753894967192	8.177089414131853	8.268798371753046	8.361059325096432	8.45256952394891	8.540837276659621	8.630672281064115	8.741772553416432	8.86680280553572	8.90266773361575
8.864910248260935	8.828731117243052	8.70315098475995	8.591825156897851	8.501756733304449	8.413176606357121	8.32134507473596	8.228777045922017	8.13676148022541	8.04511236929815	7.953574281488973	7.862132061508122	7.770829969754408	7.679682595475873	7.588688228020986	7.497847088871235	7.407162764301688	7.3166393050073015	7.226280379744393	7.136089622330426	7.0460708572417365	6.9562280849067095	6.866565439351406	6.777087184462862	6.687797725316614	6.5987016185964595	6.50980358320987	6.421108513939219	6.3326214981400994	6.2443478346298456	6.156293054359343	6.068462942886741	5.980863564848471	5.89350129070054	5.806382826039481	5.7195152438015056	5.63290601958934	5.5465630703141535	5.460494796284796	5.374710126836226	5.2892185695610925	5.204030263186797	5.119156034118974	5.0346074566477625	4.950396916786345	4.866537679685138	4.783043960545348	4.699930998947204	4.617215136514916	4.534913897863354	4.453046074809081	4.371631813877036	4.2906927071894225	4.210251886880821	4.130334123238192	4.050965926809143	3.972175654745743	3.893993621641078	3.8164522150590696	3.7395860158459575	3.6634319231383534	3.588029283740259	3.5134200252163916	3.4396487916249723	3.366763080281588	3.2948133773213373	3.22385328914981	3.1539396661996815	3.085132714786727	3.0174960923191554	2.9510969806900103	2.8860061324361923	2.8222978842755593	2.7600501330200737	2.699344269611806	2.6402650680282624	2.582900526848183	2.52734166207193	2.4736822499327924	2.4220185173396422	2.372448774728121	2.3250729813629665	2.2799922268042794	2.237308104218244	2.197121940954118	2.159533840711124	2.12464148441276	2.092538635836872	2.06331329537867	2.0370454355112693	2.0138042651041292	1.9936450830374493	1.9766060647612682	1.9627057793870288	1.9519427673874628	1.9442987386543344	1.9397436377418777	1.9381915258440778	1.9379222661489197	1.937881118360421	1.937877618291266	1.9378811173929122	1.9379222572154573	1.9381914612975286	1.9397434951062238	1.9442995028107666	1.9519456554267354	1.9627122474001697	1.976617790092496	1.9936638913827565	2.0138320325587595	2.0370839847957374	2.063364294935246	2.0926035095304694	2.1247213393148416	2.1596294180301094	2.1972335919804284	2.2374357903521775	2.2801355406459254	2.325231184585431	2.3726208480312616	2.4222032179380864	2.4738781724305636	2.527547299039802	2.583114325953461	2.6404854832183133	2.6995698046144376	2.7602793762259057	2.8225295348149415	2.8862390178731783	2.9513300671801046	3.017728488309761	3.0853636694087685	3.154168563456321	3.224079638908574	3.295036804004746	3.36698331005451	3.4398656387984583	3.5136333785147404	3.5882390929923127	3.663638186844023	3.739788769936902	3.8166515230330376	3.894189566122145	3.9723683304237185	4.0511554346477086	4.130520565810837	4.210435364688138	4.290873315820845	4.3718096418958705	4.4532212022558015	4.5350863952857114	4.617385064443938	4.700098407746714	4.783208890570483	4.86670016169323	4.950556972550969	5.034765099732359	5.119311270768496	5.204183093293729	5.289368987656957	5.374858123054921	5.460640357244239	5.546706179872479	5.6330466594527495	5.719653393990321	5.80651846524943	5.893634396617902	5.9809941144823044	6.068590912967625	6.1564184218315186	6.244470577251186	6.332741595224602	6.421225947343972	6.509918338776677	6.598813688373103	6.687907110944235	6.777193902054272	6.866669525946155	6.9563296061623525	7.046169915467875	7.136186363437937	7.226374997353084	7.316732039924439	7.407253897807416	7.497936928983468	7.588777090146899	7.679770782138338	7.770917751621056	7.862219646982102	7.953661763733065	8.045199730378224	8.136848827097074	8.228864821876543	8.321432928459704	8.413260973270557	8.501835022024178	8.591914541722577	8.703283688878686	8.828830890162008	8.864910248260935
8.82784984266	8.79146102962557	8.665370413576065	8.553777061907242	8.46346531842513	8.374581297979022	8.28243469172534	8.189562020654181	8.097241745796318	8.00528138071434	7.91342686919598	7.821664680679834	7.730039002953813	7.6385639968705235	7.547237820513315	7.456060697035829	7.365036178440501	7.2741682452577905	7.183460493556703	7.0929164868303225	7.002539973988146	6.912334870567315	6.8223052158255895	6.73245516868789	6.642789018199138	6.553311192846559	6.464026269934318	6.374938987707434	6.286054260164732	6.197377193750258	6.1089131056123325	6.020667543546358	5.932646307898134	5.844855475759556	5.757301427803279	5.669990878078664	5.582930907041063	5.496128998034329	5.409593077408318	5.323331558430685	5.237353389138997	5.15166810426564	5.066285881347229	4.981217601099272	4.896474912097714	4.812070299766755	4.72801715963414	4.644329874787415	4.561023897452276	4.478115834618592	4.39562353766063	4.313566195933432	4.231964434375717	4.150840415209364	4.070217943892959	3.9901225795542885	3.910581750182372	3.8316248728910582	3.7532834795630157	3.675591348137024	3.5985846397015626	3.522302041383172	3.446784914739839	3.3720774489615404	3.2982268176348466	3.2252833371652225	3.1533006242053196	3.0823357486412633	3.012449377858837	2.943705907168028	2.876173570472626	2.8099245246641136	2.745034900962448	2.68158481663391	2.6196583411772063	2.5593434120634164	2.5007316962903685	2.4439183951893817	2.389001990758888	2.336083931660169	2.285268255149628	2.2366611372004255	2.1903703566863206	2.146504650022682	2.1051729191739534	2.066483240582155	2.030541612030904	1.9974503721626047	1.9673062242805197	1.9401977850871592	1.9162025911079994	1.8953836030000974	1.877785509499476	1.8634315705369988	1.8523223902107628	1.8444386443080831	1.8397466903483366	1.8381541461370432	1.837878482795315	1.8378363315902964	1.837832745244991	1.837836331127453	1.8378784768980598	1.8381540949902138	1.8397465950840683	1.8444395149484019	1.8523255104815766	1.8634384993244868	1.8777980341964626	1.8954036467378705	1.9162321078120155	1.9402386489241146	1.967360119984675	1.9975186977207111	2.030625404251181	2.0665831291370838	2.1052891098373814	2.1466369345329146	2.190518144774568	2.2368235054673806	2.285444007391915	2.3362716656044107	2.389200166641113	2.4441254021206382	2.5009459129535796	2.5595632590785296	2.619882323439937	2.681811554969305	2.74526315338729	2.8101531982882846	2.8764017255152994	2.9439327547211036	3.012674272959113	3.0825581800059414	3.153520201732527	3.2254997780696506	3.298439931913388	3.3722871247682455	3.4469911041728807	3.5225047471183584	3.59878390282218	3.6757872374003897	3.7534760822196835	3.831814287054011	3.9107680786506216	3.9903059249388337	4.070398404871723	4.1510180837420485	4.232139393727142	4.313738519374966	4.395793287737781	4.478283062886914	4.56118864459429	4.644492171032125	4.728177025409808	4.81222774652789	4.896629943277936	4.9813702131510516	5.066436064834625	5.151815844975393	5.237498669168826	5.323474357204898	5.409733372565837	5.496266766140162	5.583066124093954	5.670123519825086	5.757431469914078	5.844982893967379	5.932771078216489	6.020789642684912	6.109032511668844	6.197493887212854	6.286168225225039	6.375050213891835	6.464134754119779	6.553416941824275	6.642892052037038	6.732555525153017	6.822402955990296	6.912430085401027	7.002632791255783	7.093007077095752	7.183549073700708	7.274255077775638	7.365121564876425	7.4561449645204245	7.547321302485125	7.6386470123450065	7.730121836651599	7.821747552029889	7.913509879074713	8.005364511988132	8.097325089437632	8.189645988576922	8.282518936208477	8.374662343212288	8.463540540570389	8.553862998443574	8.665498587947702	8.791557923713238	8.82784984266
8.791495493237456	8.75489907354039	8.628303143407845	8.516444839768837	8.425891509202563	8.336705939624183	8.244246928560841	8.151072097387148	8.058449411852695	7.966180051871252	7.8740113611735305	7.781931400036355	7.689984271377706	7.598183716170835	7.506527769984044	7.415016662363682	7.323653915485497	7.232443445450083	7.141388782025614	7.0504934250070805	6.959761054900346	6.869195510550194	6.7788007460990665	6.688580826947566	6.598539939591754	6.508682400020173	6.419012661929144	6.329535327331618	6.240255159457405	6.151177097202443	6.0623062709198035	5.9736480197598905	5.885207910900795	5.796991761036791	5.709005660485552	5.621256000240359	5.533749502247638	5.446493253154074	5.359494741751475	5.272761900347883	5.186303150298839	5.100127451931948	5.014244359082758	4.92866407842844	4.843397533760319	4.758456435283803	4.6738533539823175	4.5896018010379525	4.505716312270103	4.422212537536616	4.339107335040326	4.25641887049805	4.174166721160723	4.0923719847230045	4.011057393225492	3.930247432125536	3.8499684647843853	3.7702488626817017	3.691119141718351	3.612612104996019	3.5347629924468102	3.4576096375925363	3.3811926315030076	3.305555493669747	3.2307448490145174	3.15681060962346	3.0838061590423225	3.0117885360708514	2.940818613940113	2.8709612695801816	2.8022855365116004	2.734864733918399	2.6687765638658605	2.6041031684879625	2.540931139245899	2.4793514709978792	2.4194594546624595	2.3613545037545047	2.3051399117846563	2.2509225386806833	2.1988124239611535	2.148922321546612	2.1013671451387275	2.056263302584537	2.0137278810790584	1.9738776250222119	1.9368276330901748	1.90268969498647	1.8715701816779968	1.8435673895549052	1.8187682548967028	1.7972444711233913	1.7790482927962428	1.764208699115369	1.7527292385023703	1.744589836864495	1.7397525332869275	1.7381171752643627	1.7378346968769358	1.737791465735805	1.7377877856033617	1.7377914658957614	1.7378346951418457	1.738117142058842	1.7397524945099676	1.744590816121823	1.7527326025553285	1.764216126118355	1.7790616806646176	1.797265838260864	1.8187996309365224	1.8436106942374957	1.871627103741422	1.9027615880436997	1.936915441020652	1.9739818418126545	2.0138485440190683	2.0564000142964507	2.1015191183889947	2.1490884404036894	2.1989913151560607	2.2511126476057224	2.3053395781774175	2.3615620327293154	2.4196731794880204	2.4795698049759243	2.5411526152045294	2.604326465637343	2.66900052288771	2.7350883619978132	2.8025080044653237	2.871181903288498	2.941036882042188	3.012004035475903	3.084018599377776	3.157019797381809	3.230950671915494	3.305757905618967	3.3813916384670333	3.457805284676505	3.5349553524150603	3.612801268399509	3.6913052086898026	3.7704319363517067	3.850148646183765	3.930424816387002	4.01123206688264	4.092544023917009	4.174336190590388	4.256585822975088	4.339271811532496	4.422374567595851	4.505875914753176	4.589758985036811	4.674008119892391	4.758608775952156	4.843547435670605	4.928811522893444	5.014389323424188	5.10026991062797	5.186443076071812	5.272899265150906	5.35962951759991	5.446625412746761	5.533879019340961	5.621382849779979	5.709129818560615	5.797113204784924	5.885326618538814	5.973763970925349	6.062419447473084	6.151287484565952	6.2403627484832205	6.329640116627534	6.419114660566236	6.508781630600967	6.598636441750565	6.688674661423268	6.778891999488799	6.869284300656305	6.959847536211732	7.050577793388144	7.141471277273681	7.232524350140441	7.323733548473267	7.4150953657554135	7.506605890332588	7.598261583864352	7.690062180492549	7.782009577292195	7.874089912793657	7.966258960807906	8.05852875393535	8.15115225452236	8.244327557365553	8.336783655305874	8.425963663294898	8.516527335774715	8.628426779533305	8.754993055016719	8.791495493237456
8.75585619479206	8.719054425979511	8.591958746667316	8.479838223602659	8.38904519136704	8.299560615504351	8.206792064421414	8.113317736373189	8.02039511720346	7.927819199887088	7.835338749606022	7.742943382506763	7.650677104638562	7.558553245297962	7.466569725240557	7.3747267837393915	7.283027915963942	7.191476977428431	7.100077435885011	7.00883273184991	6.917746482355966	6.826822455531465	6.736064527845509	6.645476680395691	6.555063008364565	6.464827728647026	6.374775186992279	6.284909867142952	6.195236401857992	6.105759585162831	6.016484385724513	5.9274159616377515	5.838559677005554	5.749921120693328	5.661506127606999	5.573320802805248	5.485371548718985	5.39766509573496	5.310208536409395	5.223009363602635	5.1360755128527815	5.049415409321687	4.963038019642486	4.876952908972055	4.791170303508014	4.70570115867497	4.620557233127061	4.5357511686598	4.451296576078117	4.367208127031212	4.28350165180053	4.200194243017799	4.1173043652991925	4.034851970810379	3.952858620822821	3.8713476133795064	3.7903441172565646	3.7098753124875765	3.629970537810316	3.5506614454882275	3.4719821640198094	3.3939694692356315	3.3166629641598337	3.240105267765864	3.1643422123817793	3.0894230489804566	3.015400658873639	2.942331769352779	2.870277169566565	2.799301921476038	2.729475559257462	2.660872269218575	2.5935710412576705	2.527655782122393	2.4632153802150043	2.4003437116137167	2.3391395777015123	2.2797065666004777	2.222152833253108	2.166590795492878	2.11313674450567	2.0619103667031617	2.013034169201949	1.9666327906142724	1.9228321602563785	1.881758444524749	1.8435366981174706	1.8082891248164326	1.7761328377395655	1.7471769890722229	1.7215191589777012	1.6992410275985885	1.6804036180102926	1.6650427559753846	1.6531659820936162	1.644753197779237	1.6397615265137053	1.6380807345655317	1.637790907972579	1.6377464901944891	1.637742705740989	1.6377464908630086	1.6377909108429587	1.6380807287045052	1.6397615548713178	1.6447542734602347	1.653169607097726	1.6650507269256742	1.680417936885827	1.699263807380625	1.721552503659001	1.7472228559002136	1.7761929031785602	1.8083646753503462	1.843628558495586	1.881866946604179	1.9229571490619468	1.9667736609712974	2.0131899252168433	2.062079696458376	2.113318102974386	2.166782489495934	2.2223531031135675	2.2799136600212404	2.339351812391838	2.40055952436849	2.4634333614634487	2.5278746962920815	2.593789834477921	2.6610900667399218	2.7296916553679957	2.7995157646337483	2.8704883450396053	2.9425399810444155	3.015605711391106	3.089624830520163	3.164540678701542	3.2403004273817104	3.3168548648818996	3.394158186175447	3.4721677892043736	3.550844079177011	3.6301502815315185	3.7100522637129036	3.7905183655490586	3.87151923779813	3.9530276883560562	4.035018535629874	4.1174684686572105	4.200355913644523	4.28366090668126	4.367364972459039	4.4514510088881885	4.5359031775618215	4.620706800066211	4.705848260168842	4.791314911927079	4.877094993749864	4.963177548414554	5.049552348994351	5.136209830593254	5.223141027721495	5.310337517084661	5.397791365514911	5.485495082751608	5.573441578783755	5.661624125491302	5.750036322352483	5.838672066000677	5.927525523400382	6.016591108360681	6.105863461025191	6.19533742989835	6.285008055926339	6.374870558168375	6.46492032066812	6.5551528803103025	6.645563915871075	6.736149238983581	6.826904787072713	6.91782661554501	7.008910887519941	7.100153875708472	7.191552002003682	7.283101858220569	7.374799996400241	7.466642562796108	7.558626044033878	7.650750162836116	7.743016929944173	7.835412895041638	7.927893925362768	8.020470484229863	8.113394098529875	8.206869084037015	8.299635001951932	8.389114280471858	8.47991728856858	8.592077834920886	8.719145458762444	8.75585619479206
8.72094094391472	8.68393627123097	8.556346816253743	8.44396697320762	8.35293628449004	8.263155453094283	8.170080431863914	8.076309462469222	7.983089578332351	7.890209734686585	7.797420136767838	7.70471192066068	7.6121289838593835	7.5196842518431195	7.427375537146102	7.335203090661173	7.243170381726716	7.151281207253659	7.059538975245387	6.967947069275997	6.876509045741725	6.785228605928211	6.694109553934805	6.603155793559853	6.512371337569149	6.421760314682728	6.331326975728886	6.241075701388327	6.151011011432175	6.0611375748951515	5.971460221181276	5.881983952449157	5.792713957679421	5.70365562878963	5.614814579115271	5.526196664532731	5.437808007475177	5.349655024097408	5.261744454879597	5.174083399009818	5.0866793529339365	4.999540253495431	4.9126745260985345	4.826091138314401	4.739799659315616	4.65381032547606	4.5681341124184085	4.482782813735765	4.397769126560402	4.313106744103836	4.22881045525212	4.14489625127223	4.061381439672677	3.9782847652630853	3.8956265384706947	3.813428770997686	3.7317153189502656	3.650512033649884	3.5698469204505505	3.4897503060151354	3.410255014612281	3.3313965540501815	3.253213311848097	3.1757467621562103	3.099041683743219	3.0231463890046686	2.948112963296173	2.873997512889332	2.8008604185085955	2.7287665898612863	2.6577857149657773	2.587992496471569	2.51946686549921	2.4522941617791347	2.386565267238349	2.3223766792020384	2.259830509704683	2.199034399367551	2.1401013374648983	2.083149383049529	2.0283012841865258	1.9756839927609149	1.9254280698715738	1.877666968256175	1.8325361594250533	1.790172045448964	1.7507105675287344	1.7142854002993202	1.6810255925588973	1.6510524828801993	1.6244757376754502	1.6013885127050997	1.581862031117623	1.5659402364877077	1.5536357467230308	1.5449294038171015	1.5397740482773858	1.5380450095246816	1.5377470621084532	1.5377013283557606	1.537697428400796	1.5377013292217518	1.537747067919016	1.5380450317903411	1.5397741432574092	1.544930574187332	1.5536396637584908	1.565948801238469	1.581877348358964	1.60141279295614	1.624511156609816	1.6511010230090921	1.6810888968856277	1.7143646609917547	1.750806460756817	1.7902847128963197	1.8326652303811817	1.877811613351905	1.9255870770048285	1.9758558563251352	2.028484299664331	2.0833417400999923	2.1403012057854665	2.1992400029021875	2.26004018620096	2.3225889236101716	2.3867787588793576	2.452507776488788	2.5196796749942307	2.5882037578900934	2.657994853813634	2.7289731794151044	2.8010641581589235	2.8741982071271877	2.948310502270302	3.0233407309773064	3.0992328394267834	3.1759347808000937	3.253398268979223	3.3315785408547356	3.410434129003887	3.489926645431612	3.5700205763607147	3.650683087662027	3.7318838403305454	3.813594815356281	3.8957901473649774	3.9784459664919907	4.061540248077104	4.1450526698957715	4.228964476745124	4.313258352271085	4.397918297963637	4.482929519273221	4.568278318818979	4.653951996666635	4.7399387576445795	4.826227625637675	4.912808364750876	4.999671407173229	5.086807787503204	5.1742090832260415	5.261867360972883	5.349775128151047	5.437925289524875	5.526311108350343	5.614926171717652	5.7037643598177	5.7928198188971	5.8820869376798095	5.971560326997365	6.0612348022886335	6.151105368530568	6.241167207085456	6.331415663929474	6.4218462387725035	6.512454574745142	6.603236448771036	6.6941877633256315	6.785304539752522	6.876582910641826	6.96801910958734	7.059609472662403	7.151350477857529	7.243238769073159	7.335270953686954	7.42744323311132	7.519752117416319	7.612197316235077	7.70478094820654	7.797489967691237	7.890280348906761	7.983161023817364	8.076382066359045	8.1701538640552	8.263226521006759	8.353002318123055	8.444042620022207	8.556461347498523	8.684024317916567	8.72094094391472
8.686758723480594	8.649553784268656	8.521476946481041	8.408840854676544	8.317574720399803	8.227500600101719	8.13412239236381	8.040057839368078	7.946543562348741	7.853362630615905	7.760266705199619	7.667248405298449	7.5743515084881325	7.481588543896087	7.3889572212624275	7.296457803536943	7.2040937337988336	7.111868750584864	7.019786202564403	6.927849416826548	6.836061890085188	6.744427258745262	6.652949257843882	6.561631718742683	6.470478578349233	6.3794938855618035	6.288681806518714	6.198046631048372	6.107592780264244	6.017324814848531	5.927247444110387	5.837365536206365	5.747684129921438	5.658208448341125	5.568943914683926	5.4798961705218	5.391071096604583	5.302474836529578	5.214113823553995	5.125994810919771	5.038124906129621	4.950511609666041	4.863162858673726	4.7760870761292	4.68929322600294	4.602790874885045	4.516590260501551	4.430702367498964	4.345139010822921	4.259912926966788	4.175037873321995	4.090528735826893	4.006401645083651	3.922674101088605	3.8393651066988626	3.756495309945694	3.6740871553210486	3.5921650442228534	3.510755504845268	3.429887371920381	3.34959197683448	3.2699033487494873	3.1908584274674308	3.112497288870075	3.034863383771619	2.958003790806754	2.8819694834174	2.8068156100732526	2.732601785649116	2.659392390487209	2.587256872077076	2.5162700423204303	2.4465123608526143	2.3780701919819407	2.3110360200279625	2.245508606011367	2.1815930684338283	2.1194008723518727	2.0590497135012646	2.0006632870853442	1.9443709336955957	1.890307157756402	1.8386110155637256	1.7894253655890613	1.7428959568605618	1.699170301373132	1.6583962415520526	1.6207200876417815	1.5862841529680134	1.5552234637974172	1.5276614322198685	1.5037044481904989	1.4834356714730537	1.4669087055381809	1.4541424430804042	1.4451195698818222	1.4397902926553598	1.4380100336482282	1.437703104237795	1.4376559419576986	1.4376519181132332	1.4376559428615412	1.4377031109293452	1.4380100684966526	1.4397904382525692	1.4451208673814915	1.4541466899896058	1.4669179106062176	1.4834520504517135	1.5037303122768884	1.5276990219181044	1.5552747692791824	1.5863507574619666	1.620803057632092	1.6584960725205429	1.6992869161566682	1.743028747280955	1.7895732658618684	1.8387725961990395	1.8904807297563848	1.9445546541524932	2.000855258674093	2.059248071943022	2.119603857755015	2.1817990783842975	2.245716230141675	2.311244057316169	2.3782776531226566	2.4467184587312985	2.5164741739713765	2.5874585955306135	2.6595913995940457	2.7327978853295716	2.8070086935927128	2.882159512432667	2.9581907782564145	3.0350473793073705	3.112678366436168	3.1910366747322048	3.2700788582482776	3.3497648387972423	3.4300576687861994	3.5109233074173876	3.5923304093300685	3.6742501247678567	3.7566559104852977	3.8395233507598983	3.922829988019394	4.006555162727416	4.090679862288802	4.17518657882273	4.260059175696541	4.34528276272037	4.430843579889947	4.5167288895479425	4.602926876817403	4.689426558138557	4.776217697704571	4.863290731540025	4.950636698900645	5.038247180601477	5.1261142438121166	5.214230392802755	5.302588525095275	5.391181892479961	5.480004066404473	5.569048907321398	5.658310537675682	5.7477833182965545	5.837461828001708	5.927340846204173	6.017415338232875	6.107680442960234	6.198131462218361	6.288763851420435	6.379573210808692	6.470555276891757	6.561705914079092	6.653021107159701	6.744496954874777	6.8361296622793795	6.927915530241316	7.01985095616925	7.111932472879096	7.204156775339542	7.296520525160474	7.389019978060889	7.481651667652393	7.574415290183041	7.6673130674588466	7.760332352323577	7.853429239172053	7.946611167484858	8.040126743783745	8.134192275701334	8.227568372233547	8.317637716152367	8.4089131012041	8.521586913784029	8.649638807252696	8.686758723480594
8.653318488230864	8.615916115339378	8.487358715489803	8.374469621747684	8.282970423566837	8.192606203655755	8.098928314316874	8.00457344649066	7.9107678627383775	7.817288900929148	7.723889690757588	7.630564296848238	7.537356365795298	7.444278037388821	7.351326922807561	7.258503296070751	7.165810572069874	7.0732524296151125	6.980832156831911	6.888553023159972	6.796418464961309	6.704432054042403	6.612597457876749	6.520918438243077	6.429398860486614	6.338042699491686	6.2468540441086855	6.1558371024341385	6.064996207944279	5.974335826125747	5.883860561761596	5.793575167279622	5.703484552536881	5.613593796320075	5.523908159770262	5.434433101902346	5.345174297390644	5.256137656834015	5.167329349788547	5.078755830945352	4.990423869917971	4.902340585174941	4.814513482700831	4.726950499992219	4.639660055996476	4.552651107585409	4.465933213127419	4.3795166036849595	4.293412262323278	4.2076320119777	4.12218861229426	4.037095865831458	3.952368733981815	3.868023462932833	3.784077719939107	3.700550740136074	3.617463484111541	3.5348388064730267	3.4527016356981854	3.3710791656200594	3.2900010589879294	3.209499663692178	3.1296102424676895	3.050371217144778	2.971824428666259	2.8940154139842575	2.816993700530011	2.7408131182807707	2.6655321286231337	2.5912141681730905	2.517928004172188	2.4457480956840225	2.374754951485947	2.3050354717108967	2.2366832567420754	2.1697988643161397	2.1044899944615736	2.0408715815096974	1.9790657727094996	1.919201774335833	1.86141554969812	1.8058493598394152	1.7526511448530289	1.701973744843961	1.6539739461382006	1.608811308310825	1.5666466872317837	1.5276403197822939	1.4919492662171963	1.45972392814445	1.4311033543650475	1.4062092191303468	1.385138711144542	1.3679570261746916	1.3546908648840927	1.3453257939642242	1.3398102935937772	1.3379756505485818	1.3376590923202458	1.3376104184745514	1.337606264448951	1.3376104195176526	1.3376590998491653	1.3379756904577453	1.3398104815143863	1.3453272470311777	1.3546954723789626	1.3679669117116955	1.3851562093244834	1.4062367407825762	1.43114319240312	1.4597780572094674	1.4920191786359283	1.5277269216133624	1.5667502598017855	1.6089315280228924	1.6541099493899003	1.7021242236767566	1.7528144599923663	1.806023659489361	1.8615988842862716	1.9193921993688803	1.979261434099627	2.041070780146991	2.1046912292355917	2.1700008549047496	2.236884948992851	2.305236029232515	2.3749537372606393	2.4459446473364266	2.5181220061663723	2.5914054237133906	2.665720533385572	2.7409986373146173	2.817176348854845	2.894195240738804	2.972001504278346	3.0505456229134063	3.1297820620892716	3.209668976478774	3.290167934690818	3.3712436608289105	3.4528637917448846	3.534998648679787	3.6176210221396397	3.7007059691493427	3.78423062230364	3.868174010218967	3.9525168890942766	4.037241585148092	4.122331847731187	4.207772712918196	4.2935503773561265	4.379652082105371	4.466066006167479	4.5527811693642475	4.6397873442104745	4.727074976396161	4.814635113453396	4.902459341127445	4.990539726907852	5.078868770114779	5.167439357891628	5.256244726439821	5.345278426856571	5.434534295006056	5.524006424962475	5.613689145691074	5.703577000750366	5.793664730872292	5.883947259280317	5.974419679530834	6.065077245530262	6.155915363233865	6.2469295834196785	6.338115594886895	6.429469217530696	6.520986395176236	6.612663188733154	6.704495769955609	6.796480413654883	6.888613486728878	6.9808914478542015	7.073310885390564	7.165868546365248	7.258561147474143	7.351384999695415	7.444336661865732	7.53741581793438	7.630624789206923	7.723951321104893	7.8173516409622605	7.910831735472001	8.004638732215755	8.098994704757983	8.192670715835636	8.283030408323146	8.37453849220747	8.48746411584575	8.615998078035531	8.653318488230864
8.620629151418662	8.583032375743654	8.454001669177119	8.34086299893553	8.249133293503457	8.158482391753573	8.064508553527	7.9698668585418	7.875773277894608	7.781999575112284	7.6883003585015945	7.594671099556612	7.501155303086858	7.407764726058268	7.314496884129094	7.2213520600565815	7.128333637273617	7.035445232153944	6.9426900697142395	6.850071359246901	6.757592474747912	6.6652569222780365	6.573068301647813	6.481030306068516	6.3891467314906585	6.297421482151449	6.205858574263694	6.114462140269918	6.0232364337254545	5.932185834544073	5.841314854817552	5.750628145615386	5.660130505098323	5.569826888164905	5.479722417773635	5.389822398050146	5.300132329299902	5.210657925101296	5.121405131740898	5.032380150354877	4.943589462241756	4.855039857899009	4.7667384704024345	4.678692813790789	4.590910827139974	4.5034009250141676	4.416172054969694	4.329233762766417	4.242596265918959	4.156270536203649	4.070268391729578	3.9846025991768674	3.8992869867894284	3.814336568674829	3.729767680915782	3.645598129951947	3.561847353657867	3.4785365955166134	3.3956890922581633	3.313330275311699	3.231487986467975	3.150192708324275	3.069477810387866	2.9893798120376704	2.9099386637313365	2.831198047814166	2.753205700104717	2.676013753226353	2.5996791023925505	2.5242637936995904	2.449835433423869	2.376467614063036	2.304240349132372	2.233240504700103	2.163562211905324	2.095307241261086	2.028585315936728	1.9635143372803499	1.9002204925753057	1.838838214572799	1.7795099668813914	1.7223858391647786	1.6676229478464926	1.6153846437808645	1.5658395194543888	1.5191601821927343	1.4755217197319508	1.4350997251509987	1.3980676534189365	1.3645931673123797	1.3348330917738842	1.308926755912708	1.2869878750685186	1.2690956448182797	1.2552865814821468	1.2455504438524283	1.2398343253877853	1.2379419244970529	1.2376151864765528	1.2375649160359166	1.2375606244212025	1.2375649173433032	1.2376151957408128	1.2379419732904346	1.2398345611198203	1.245552063966936	1.2552915717574264	1.2691062453874797	1.2870065411272043	1.3089559909649746	1.3348752225360467	1.3646501238251247	1.398140801527116	1.4351897737500952	1.4756287035501492	1.5192835077479194	1.5659780568030965	1.6155368465637738	1.6677869859593806	1.7225597307446356	1.7796916989642817	1.839025844773959	1.900412227294353	1.963708584952357	2.0287807164658935	2.095502674773006	2.163756791168231	2.2334335559396523	2.3044313856380727	2.376656306263219	2.4500215783065995	2.5244472857475126	2.5998599075714925	2.6761918869410914	2.7533812093935324	2.8313709974863026	2.9101091257902616	2.9895478576485206	3.0696435037939436	3.1503561023620548	3.2316491195327317	3.313489169709131	3.3958457538457782	3.478691014450196	3.56199950597858	3.645747979718534	3.7299151826097865	3.8144816696664643	3.899429629721567	3.9847427241831044	4.070405938439007	4.156405445500704	4.242728481429967	4.3293632320466555	4.416298730374591	4.503524764259649	4.59103179358765	4.678810876526594	4.766853604202587	4.855152043184519	4.943698685104186	5.0324864026898135	5.121508411458248	5.210758236310017	5.300229682314082	5.38991680906048	5.479813908093161	5.569915483092629	5.660216232626487	5.750711035388602	5.841394937872065	5.9322631443539535	6.023311008925582	6.114534029124098	6.205927840561392	6.29748821184807	6.389211039163169	6.481092340219983	6.573128248076892	6.6653150050704	6.757648954823514	6.850126530681014	6.942744254156101	7.0354987715379345	7.128386884617639	7.221405367752872	7.314550589773982	7.40781913792	7.5012106862784025	7.59472765306283	7.688358170678279	7.782058611701602	7.875833550468265	7.969928626987522	8.06457152399597	8.158543693166925	8.249190304156587	8.340928524987854	8.454102505148752	8.583111243846147	8.620629151418662
8.588699572447538	8.55091162475111	8.421415306597936	8.30803066638363	8.21607318910252	8.125139256867454	8.03087343605135	7.935948627567484	7.841570592239516	7.747505678838464	7.653509981219048	7.559580338295497	7.465760102505636	7.372060653974251	7.278479414730688	7.185016672723549	7.091675775516934	6.998460273239419	6.905373324169148	6.8124180739148015	6.719597831025721	6.6269160334894135	6.534376211974727	6.441981990496608	6.349737095829328	6.257645362661218	6.165710736634964	6.073937277735779	5.982329164152655	5.890890696420916	5.7996263020902035	5.708540541306138	5.617638113589084	5.52692386596553	5.436402802529612	5.346080095483792	5.255961097725552	5.166051357107982	5.076356632595607	4.986882912647052	4.8976364362679865	4.808623717279187	4.719851572428127	4.631327154034277	4.543057987897901	4.4550520172210595	4.3673176532925595	4.279863833684421	4.192700088707291	4.105836616884727	4.0192843702305385	3.93305515013777	3.8471617146993213	3.7616178982742468	3.6764387440992365	3.5916406507270837	3.507241533041199	3.423260998523044	3.3397205393377978	3.2566437407093396	3.1740565060740167	3.0919872996875517	3.0104674076520657	2.9295312185849656	2.849216525272258	2.7695648487095195	2.690621786121894	2.6124373849243354	2.5350665448316705	2.458569449870347	2.3830120304248457	2.308466452755864	2.2350116302285845	2.1627337472446917	2.091726783258823	2.02209301923064	1.9539435016909474	1.8873984312091405	1.8225874353125378	1.7596496842205551	1.6987338128176717	1.639997622850673	1.583607551393685	1.5297378993222832	1.4785698113281645	1.430289984504055	1.385089052672559	1.3431595316969738	1.3046930909733008	1.2698767545394556	1.2388875419847718	1.2118851800824937	1.189002889071699	1.1703368384835484	1.1559359316012567	1.1457958117025475	1.1398628417012178	1.1379090317915759	1.1375714698200465	1.137519499025828	1.1375150605740112	1.1375195006355734	1.1375714812320288	1.137909091780844	1.1398631330288422	1.1457976116643462	1.1559413239072573	1.1703481824015878	1.1890227572922718	1.2119161553891542	1.2389319590299817	1.2699364630045913	1.3047692904561383	1.3432526970060485	1.3851989438626606	1.4304157233426955	1.4787100024670965	1.5298907755922067	1.5837711251351327	1.640169828195472	1.698912627613154	1.759833224786814	1.822774021719346	1.8875866244208237	1.9541321163665126	2.0222811172755364	2.091913653661212	2.1629188774818164	2.235194673745374	2.308647195924107	2.383190361286197	2.4587453300841986	2.535239985641674	2.6126084275206467	2.690790486383995	2.7697312659377524	2.8493807142324554	2.9296932240945908	3.0106272610446636	3.0921450167193583	3.174212086051264	3.2567971667228846	3.339871779480704	3.423410007891129	3.5073882562483463	3.591785024651736	3.6765807006202995	3.761757366829346	3.847298624574774	3.933189432456106	4.019415959630515	4.1059654528953535	4.192826116812272	4.279987006068845	4.367437929268498	4.455169363347316	4.5431723778391	4.631438568238841	4.719959997732718	4.808729146557134	4.897738868221712	4.9869823517954766	5.076453089432421	5.166144848321769	5.2560516463041935	5.346167730504065	5.436487558483604	5.527005781607515	5.61771723048283	5.708616902467907	5.799699951290024	5.890961678753513	5.98239752836926	6.0740030805322505	6.165774048670048	6.2577062756319135	6.349795729583713	6.442038499028116	6.534430787267957	6.626968906543233	6.719649269852636	6.812468378759634	6.9054228204767005	6.998509302919859	7.091724686724036	7.185065807910647	7.27852909716658	7.37211117465153	7.465811708300975	7.559633211709692	7.65356419900903	7.747561199866047	7.841627417374642	7.936006998235279	8.030933075051147	8.125197409584851	8.216127272719678	8.308092887852945	8.421511587787554	8.550987367487249	8.588699572447538
8.557538545382181	8.519562857531866	8.38960906670854	8.275982246281576	8.183799914724641	8.092586841484469	7.99803324313435	7.90282926720665	7.808170559600518	7.713818216209163	7.619529820248501	7.52530353768094	7.431182558169315	7.3371778904514695	7.243286863754864	7.1495097666275695	7.05584990544975	6.962310759471649	6.868895415828028	6.77560695215155	6.682448607658514	6.589423748990338	6.496535835031527	6.403788418535165	6.311185155580792	6.218729810363004	6.126426257679937	6.0342784856261495	5.942290598667018	5.850466820958182	5.758811500167396	5.66732911215619	5.576024266750259	5.484901714692992	5.393966355799995	5.303223248307236	5.212677619425802	5.122334877178506	5.032200623688658	4.942280670205715	4.852581054272271	4.76310805954999	4.673868238919702	4.584868441546828	4.4961158446551694	4.407617990781493	4.31938283129752	4.231418776997977	4.143734756576605	4.056340283853266	3.9692455346691533	3.882461434421068	3.7959997572531017	3.7098732379698864	3.62409569778606	3.5386821850665253	3.4536491322004754	3.3690145296561647	3.284798118110066	3.2010215994297995	3.1177088673118845	3.0348862585286245	2.9525828259015126	2.8708306341785352	2.789665080017308	2.709125237516459	2.6292542313750364	2.550099640589594	2.4717139360226352	2.3941549546388456	2.3174864117276788	2.2417784506370033	2.167108227949945	2.0935605301448725	2.0212284139374055	1.9502138550639145	1.8806283793404666	1.8125936381221812	1.7462418818105905	1.681716282337935	1.6191710578388803	1.5587713573778788	1.5006928693346673	1.4451211245576518	1.3922504745560684	1.3422827316364714	1.2954254485120371	1.2518897583790587	1.2118875548443224	1.1756275763570994	1.1433097891907644	1.1151175047167248	1.0912070014698654	1.071695080553406	1.0566463061444622	1.0460644984677594	1.0398962877208064	1.0378770654619773	1.0375279637325663	1.037474177940664	1.0374695826490714	1.0374741798811735	1.037527977508346	1.0378771380196075	1.0398966421309928	1.0460664921212082	1.0566521170665002	1.071707185273007	1.0912280820219522	1.1151502023895548	1.1433564123285502	1.1756898515259082	1.2119664724703492	1.2519855245825968	1.2955375289134552	1.3424099620951382	1.3923912127402922	1.4452734189250513	1.5008546254278785	1.5589404851357875	1.6193455886324215	1.6818944505376898	1.7464221716091883	1.8127748006005109	1.8808094267512194	1.9503940394241663	2.0214071961590503	2.093737544772004	2.167283247381032	2.2419513515310068	2.3176571451948007	2.3943235209356306	2.4718803639022378	2.55026397116076	2.6294165061572317	2.709285490223466	2.7898233314436336	2.8709868894747563	2.9527370735714755	3.0350384706473914	3.117859000658268	3.20116959735534	3.284943912991305	3.36915804573408	3.4537902885666623	3.5388208985587206	3.624231885611704	3.710006819958992	3.7961306577163767	3.8825895836349984	3.969370870023814	4.056462750691055	4.143854308734941	4.231535377058268	4.319496450544072	4.407728608890203	4.496223449160482	4.584973027170062	4.673969806871818	4.763206616935093	4.852676613703708	4.94237324969822	5.032290246810886	5.1224215733552105	5.212761424194089	5.303304203290056	5.394044508192467	5.484977116179408	5.576096971971466	5.667399177087531	5.758878980978614	5.8505317740297125	5.942353082366649	6.034338564180922	6.126484007044036	6.218785325477475	6.311238557979415	6.403839863007054	6.496585514092865	6.589471894247611	6.682495487672601	6.775652866985727	6.868940688922883	6.962355727677205	7.0558949078212585	7.149555132134993	7.243332898298302	7.337224865043498	7.431230699009399	7.525353008663454	7.619580684958274	7.7138704260577065	7.8082241055967785	7.902884374168199	7.998089652502335	8.092641919282661	8.183851128160155	8.276041211478589	8.38970081099146	8.519635448852396	8.557538545382181
8.52715478816327	8.488994993927	8.358592316242502	8.244727290594113	8.152323207738567	8.06083512523837	7.9659981978452565	7.870519238715105	7.7755838883970805	7.680948153831473	7.586371108169247	7.491852203105824	7.3974344552999245	7.3031285070653125	7.208931594713691	7.114844001956352	7.020868988019126	6.9270099560885345	6.833269917248283	6.739651876362436	6.6461589988543075	6.552794576014334	6.45956199134242	6.366464723042142	6.2735063534787034	6.180690573629592	6.088021185125706	5.995502102424084	5.903137355325463	5.810931091734812	5.718887580918552	5.627011217576951	5.5353065269073225	5.443778170698349	5.3524309544219575	5.261269835265169	5.170299931062618	5.079526530149636	4.988955102248849	4.898591310619383	4.80844102582339	4.718510341586941	4.628805593339562	4.539333380100656	4.45010059043807	4.361114433258215	4.272382474209788	4.183912678511026	4.095713461055477	4.007793744715011	3.920163027831644	3.8328314619651804	3.745809941048615	3.6591102032134963	3.572744946679693	3.486727961216266	3.4010742767103723	3.3158003303076073	3.2309241534716495	3.146465580259703	3.062446478162231	2.9788910029156925	2.895825878628734	2.8132807043953316	2.731288288590007	2.649885012574461	2.5691112265441514	2.489011681137888	2.4096359985550446	2.3310391862219193	2.2532821953060105	2.1764325264419733	2.100564885564904	2.0257618917696596	1.9521148341881782	1.8797244651853307	1.8087018047060937	1.739168919040638	1.6712596290604018	1.605120097010539	1.5409092336733399	1.4787988582486067	1.4189735378258521	1.3616300418482097	1.3069763727884938	1.2552303665334057	1.2066178694120095	1.1613704533654632	1.1197224814345057	1.0819070805897562	1.0481503182203709	1.0186627884745711	0.9936280402902166	0.9731879712548577	0.9574269544222933	0.9463600416375436	0.9399355977286504	0.9378465656673969	0.9374851469973609	0.9374294239830626	0.9374246613691565	0.9374294263077911	0.9374851634715378	0.9378466524282361	0.9399360233362607	0.9463622418695676	0.957433192894572	0.9732008335570865	0.9936503019646757	1.0186971196017711	1.0481989582475282	1.0819715852770821	1.1198035896876555	1.1614680749655875	1.2067311690351206	1.2553579116701494	1.307116314768052	1.3617803037964036	1.4191319884285294	1.4789634555461153	1.5410781293782676	1.605291698897813	1.6714326255608765	1.739342274598939	1.808874735858608	1.8798964061593937	1.9522853984756177	2.025930833851572	2.1007320653356394	2.1765978778397543	2.2534456999224037	2.3312008520659337	2.4097958437032467	2.4891697217656015	2.569267468773701	2.6500394475829903	2.73144089040087	2.8134314297351093	2.8959746682320744	2.979037783747264	3.0625911661731267	3.146608083432697	3.2310643749818535	3.315938171635057	3.401209640534408	3.4868607539424548	3.572875080509101	3.659237597739125	3.745934524422945	3.8329531717077727	3.9202818113389553	4.007909559511222	4.095826274799877	4.184022468764868	4.272489227967611	4.361218146264633	4.450201266338209	4.539431029504991	4.628900232913812	4.718601993293522	4.808529716431181	4.898677071554561	4.989037969781347	5.079606545809057	5.170377142079434	5.261344294772148	5.352502721161796	5.4438473080890315	5.535373101514877	5.627075297301085	5.718949233444752	5.810990383962969	5.903194354472765	5.9955568792753775	6.0880738194826485	6.1807411614721985	6.273555014833461	6.366511609201291	6.4596072900180985	6.552838513279139	6.646201837255567	6.739693909259948	6.833311460035951	6.927051335319855	7.020910529374371	7.114886017578441	7.208974370563055	7.303172292168122	7.3974794535626165	7.491898558510592	7.586418870224703	7.680997266346523	7.775634333498595	7.870571226373996	7.966051489832856	8.060887211819407	8.15237161674067	8.244783056234022	8.358679550714344	8.489064413589265	8.52715478816327
8.497556932314552	8.459216867828037	8.328374338437811	8.214275269769995	8.121652727133958	8.02989401320482	7.934778452946571	7.839028938256513	7.743821228116779	7.64890640621354	7.554045032859896	7.459237803226206	7.364527550932684	7.269924556414027	7.175425962166706	7.081032041003123	6.986745998618176	6.892571156651134	6.798510444965521	6.704566790583294	6.610743280299749	6.517043125505802	6.423469629953578	6.330026193004393	6.236716319039526	6.143543621607893	6.050511825130213	5.95762476672397	5.864886398379105	5.77230078939725	5.679872129331378	5.587604731702568	5.4955030386216155	5.403571626311392	5.31181521145469	5.220238658266424	5.12884698620195	5.037645378266134	4.946639189977392	4.855833959157758	4.765235416850156	4.674849499792124	4.584682364986255	4.494740406991442	4.405030278613866	4.315558915711102	4.226333566853761	4.137361828633956	4.048651687474187	3.9602115688663293	3.872050395047757	3.784177652205292	3.696603468413163	3.6093387036804376	3.522395053689032	3.435785168982454	3.34952279145835	3.2636229100347145	3.1781019373827064	3.0929779097069785	3.0082707116342835	2.9240023281752054	2.8401971254057186	2.7568821612397802	2.6740875278764356	2.5918467283666144	2.5101970907824627	2.4291802238778266	2.3488425176437517	2.26923569165699	2.190417394940128	2.1124518633995253	2.035410642835192	1.9593733840102845	1.8844287098578225	1.810675145300273	1.738222090845603	1.6671908137333897	1.597715422229111	1.5299437741073985	1.4640382463541757	1.40017626546953	1.3385504823439096	1.2793684884587186	1.2228520109032246	1.1692355712043467	1.1187646174251815	1.0716931092237945	1.0282804115605801	0.9887871022917495	0.9534689587007518	0.9225681023194187	0.8963002776023418	0.8748378752432775	0.8582903124090625	0.846687950874172	0.8399830535880614	0.8378192885318068	0.8374446859731908	0.8373868894893721	0.8373819478443186	0.8373868922517613	0.8374447055123075	0.837819391352994	0.8399835595091293	0.8466903679990821	0.8582969726452566	0.8748514553113605	0.8963236195067225	0.9226038644781382	0.9535192624685825	0.9888532856132551	1.0283629283064708	1.0717915609790407	1.118877882227991	1.1693619895859308	1.222989593110522	1.279515113575852	1.3387040684129843	1.4003348981839758	1.464200261567753	1.530107796119322	1.5978803653084834	1.6673558577892735	1.738386642774808	1.8108387955694407	1.8845911905381088	1.959534531289452	2.0355703649399186	2.1126101139631737	2.1905741516489563	2.269390939944506	2.3489962390359547	2.4293323883900197	2.510347652672549	2.5919956245842957	2.6742346786239475	2.757027472097413	2.8403404904798903	2.9241436337577817	3.008409839954952	3.0931147424918524	3.1782363590497194	3.2637548104294383	3.3496520680731945	3.435911728636687	3.5225188136921104	3.6094595925471067	3.69672142622494	3.784292630707951	3.872162357545273	3.9603204899368434	4.048757552509534	4.137464633198141	4.226433315865292	4.315655622473601	4.405123963744192	4.494831097321768	4.584770092541779	4.674934300961955	4.765317331864323	4.855913031947341	4.946715468423128	5.037718914740694	5.128917838204421	5.220306888868872	5.3118808892681395	5.403634824761528	5.495563834509324	5.587663203284702	5.679928354431906	5.7723548442639725	5.864938358049998	5.957674707500733	6.05055982936982	6.1435897844995395	6.236760756461163	6.330069049109019	6.423511082964355	6.5170833903767695	6.610782607400123	6.70460546026809	6.798548758621276	6.892609425325329	6.986784530417719	7.081071128125615	7.175465868490258	7.269965507599129	7.364569727737236	7.459281329195358	7.554089943190035	7.648952637397738	7.743868754537919	7.839077956703261	7.934828746852268	8.029943199966079	8.12169840503329	8.214327900518217	8.328457100052608	8.45928310233737	8.497556932314552
8.46875351289496	8.430237216892234	8.298964322277197	8.18463556203763	8.091798042764774	7.999773324871588	7.904384079465906	7.808368684907882	7.7128931565197805	7.617703821925473	7.522562722395896	7.427471753404542	7.332473555746658	7.237578052210255	7.142782289967908	7.048086524467064	6.953493901322723	6.859007655068842	6.764630629120355	6.670365667481589	6.5762157732735025	6.482184073059522	6.388273785900362	6.29448822723318	6.200830818194443	6.1073050895085865	6.0139146829678545	5.92066335307189	5.827554969053043	5.734593517197565	5.641783103674194	5.549127958106317	5.456632437975892	5.364301033821112	5.272138375120458	5.180149236725185	5.088338545707494	4.996711388537344	4.905273018587193	4.814028864081734	4.722984536742972	4.6321458415100665	4.5415187878202445	4.451109603011646	4.360924748454463	4.2709709390496355	4.181255166776874	4.0917847290388	4.002567262629593	3.913610784236155	3.8249237384486285	3.73651505433576	3.6483942117697508	3.5605713188861143	3.4730572023067534	3.385863511977902	3.2990028426537212	3.2124888742402584	3.1263365334631783	3.0405621795806406	2.9551838169306914	2.8702213368268787	2.7856967908631747	2.7016346975596863	2.618062384867033	2.535010372079934	2.4525127952908767	2.370607880027237	2.2893384638436327	2.2087525721506394	2.1289040534854875	2.0498532842726385	1.9716679544087299	1.8944239414891384	1.8182062749823116	1.743110186762387	1.6692422432551504	1.5967215524383789	1.5256810268200363	1.4562686550336166	1.3886486934097173	1.3230026492741416	1.2595299092551102	1.1984478800577845	1.1399915461642778	1.084412382387394	1.0319765726342767	0.9829624813600057	0.93765727919498	0.8963524562971898	0.8593375791156138	0.8268911047836617	0.7992666656444103	0.7766736338517092	0.7592531062626975	0.747056276217254	0.7400425271212556	0.7377983460149508	0.7374095549449818	0.7373495256451462	0.7373443910742908	0.7373495288830717	0.7374095778597309	0.7377984667432465	0.7400431233260454	0.7470589155455014	0.7592601579625824	0.7766878327624207	0.7992908774303188	0.826927923431731	0.8593889555278226	0.896419473091198	0.9377400931747651	0.9830604035588649	1.0320882410966559	1.0845359823976544	1.1401250365464684	1.1985891929884955	1.2596771041673207	1.323154014536276	1.388802798799755	1.4564243631626543	1.5258374740654528	1.5968781107352332	1.6693984734426888	1.743265792045797	1.8183610598721627	1.8945777782884887	1.9718207569612145	2.0500049877376494	2.1290545990499856	2.208901896069916	2.289486490445293	2.3707545182173058	2.4526579379042737	2.535153897344209	2.6182041593237497	2.7017745799025734	2.7858346362203985	2.8703570010476747	2.9553171604948556	3.040693070863517	3.126464851233238	3.212614509393085	3.299125699267532	3.3859835078148883	3.4731742688972904	3.5606854013278575	3.6485052683501054	3.7366230560453775	3.8250286684067683	3.913712637013421	4.00266604344197	4.091880452799075	4.181347857014914	4.27106062673933	4.3610114708060275	4.4511934023039545	4.5415997103617	4.632223936827042	4.7230598570940705	4.8141014643711895	4.905342956691884	4.996778725969578	5.088403348426862	5.180211575819771	5.272198327041111	5.364358679907967	5.456687863179037	5.5491812490555015	5.641834346542239	5.734642796046762	5.827602365461971	5.920708947739877	6.0139585596612015	6.107347341190497	6.2008715545813455	6.294527582501873	6.388311924992829	6.482221195102212	6.576252111057795	6.670401482651832	6.764666203513291	6.859043279302182	6.953529861967378	7.048123090936444	7.142819702311852	7.2376165118866185	7.332513220168693	7.427512725850907	7.52260502413029	7.617747382831218	7.712937944531846	7.808414885198843	7.904431498077955	7.999819708411076	8.091841068864548	8.18468512974423	8.299042658178925	8.430300260279735	8.46875351289496
8.44075295842376	8.402064672290743	8.270371351865933	8.155817442857755	8.06276862474837	7.970482783267282	7.874825055422672	7.7785487088134975	7.682810167003378	7.58735116996808	7.491935230248642	7.3965653995980185	7.301284116531772	7.206100950240114	7.111012850639277	7.016020049153867	6.921125624804578	6.826332719572757	6.731644085296552	6.637062477824091	6.542590811476124	6.448232122823715	6.353989540882834	6.259866291507051	6.1658657065942	6.071991227768514	5.978246407746092	5.884634911934676	5.791160520470415	5.697827130585605	5.60463875948953	5.511599547962708	5.41871376472237	5.325985811497451	5.233420228681671	5.14102170139652	5.048795065792694	4.956745315458493	4.86487760788871	4.7731972710873345	4.681709810511592	4.590420916688691	4.499336473929472	4.4084625706184735	4.317805511590015	4.227371833131798	4.137168321216425	4.047202033651455	3.957480326938334	3.8680108887108124	3.7788017766791038	3.689861465069616	3.601198899666749	3.5128235627470255	3.4247455494187364	3.3369756571192606	3.2495254903143342	3.1624075828575933	3.0756355409778235	2.989224210252581	2.903189869929178	2.8175504575618477	2.7323258265933235	2.6475380398064012	2.56321170254712	2.4793743404470776	2.39605682605629	2.3132938575303723	2.231124492130626	2.149592739696712	2.068748225855639	1.9886469379056992	1.909352064595464	1.830934935615669	1.753476063768999	1.6770662974758204	1.601808099545396	1.5278169670729334	1.455222985584635	1.3841724698296365	1.3148295981457196	1.2473779123406576	1.1820215373807132	1.1189859712627792	1.0585182915563935	1.0008866080950112	0.9463785768185488	0.8952988253126473	0.8479652282099516	0.8047039670028283	0.7658429625300184	0.7317024557707987	0.7025805501850625	0.678731411416012	0.6603362862733124	0.6474747928751031	0.640118346061953	0.6377871195562705	0.6373829763483025	0.6373205303150875	0.6373151866292404	0.6373205340523475	0.6373830028838862	0.6377872599467558	0.6401190431660236	0.6474776506860318	0.6603436601211273	0.6787460398536453	0.7026052599114478	0.7317397119936186	0.7658944969459486	0.8047705908790168	0.8480468259964539	0.8953944806298445	0.9464867798959314	1.0010054972785216	1.0586458849024873	1.1191203543288455	1.1821609905995167	1.2475209786256174	1.3149751021976597	1.3843195039746556	1.4553708755366466	1.5279652279505798	1.6019563897194615	1.6772143757701021	1.7536237536341721	1.831082097737582	1.909498577362458	1.9887926839999144	2.0688930832392685	2.1497365759607407	2.2312671618001185	2.3134352020661835	2.3961966760772757	2.479512519470138	2.563348031516977	2.6476723418264396	2.732457931428562	2.8176802055850945	2.9033171152489197	2.9893488228578535	3.0757574078781915	3.162526608345991	3.2496415955833338	3.3370887794911717	3.424855641415953	3.5129305911574917	3.6013028446757285	3.6899623194524356	3.778899544996017	3.868105586426443	3.957571979406532	4.047290674950632	4.13725399286977	4.227454582782043	4.3178853917117	4.408539637347741	4.499410786084566	4.59049253505199	4.68177879744358	4.773263690530839	4.864941525781768	4.956806800498182	5.048854190389062	5.14107854255375	5.23347486848436	5.326038336904581	5.418764266504473	5.51164811885227	5.604685491906682	5.697872114573793	5.791203842637901	5.884676656165919	5.978286658181283	6.072030074071959	6.165903250935964	6.2599026561159405	6.354024874658449	6.448266605451755	6.542624653822458	6.637095918034241	6.731677380848459	6.826366136281306	6.921159424159287	7.016054475306913	7.11104811845165	7.206137236590808	7.301321555835175	7.396604075614003	7.491975151210668	7.587392260218929	7.682852389459949	7.77859223849475	7.874869721531528	7.9705264628220185	8.062809082555544	8.155864025564144	8.270445319439107	8.402124526718687	8.44075295842376
8.413563580495548	8.37470774817282	8.242604395555102	8.127830074092218	8.034573832541138	7.942032003735047	7.84611125417163	7.749579138938543	7.653582655579196	7.557859125811808	7.462173520262753	7.366530002182762	7.270970798793618	7.175505129696298	7.080129845377002	6.984845146579048	6.889654039421402	6.7945595681399755	6.69956438808607	6.60467116195294	6.509882710160266	6.415201974009311	6.3206319868676655	6.226175878971942	6.131836886504894	6.037618355129273	5.9435237413407345	5.8495566141511155	5.755720657265101	5.662019671619255	5.568457578435814	5.475038422962109	5.381766378931973	5.2886457536717275	5.195680993701974	5.10287669064274	5.010237587219678	4.9177685832065094	4.825474741225848	4.733361292453491	4.641433642402979	4.549697377077623	4.458158269844888	4.366822289413782	4.275695609305696	4.184784619241261	4.094095938946276	4.003636435000732	3.913413241478471	3.823433785213519	3.7337058165789405	3.6442374467072067	3.555037192151571	3.4661140280922713	3.377477451332259	3.2891375545585517	3.2011051137737287	3.1133916914675095	3.026009758826144	2.9389728407120925	2.8522956870671896	2.7659944740600024	2.680087038369244	2.594593148853642	2.5095348209540402	2.424936679308992	2.3408263727928675	2.257235044969695	2.174197864292206	2.0917546229017936	2.009950417408499	1.928836424792322	1.8484707809652108	1.7689195652298508	1.6902578995797874	1.6125711874265456	1.535956528171024	1.460524334853741	1.386400149619677	1.3137266139789407	1.2426655270675249	1.1733999113361775	1.106135977177226	1.0411048196415649	0.9785635977069416	0.9187958616837625	0.8621106541508488	0.8088400916724721	0.759335362675546	0.7139612713514387	0.673089223526494	0.6370875576555725	0.6063065690677573	0.5810546353541305	0.5615639619017503	0.5479531161722707	0.5402132104540313	0.5377874331556755	0.5373666755980727	0.5373016221914557	0.5372960528360011	0.5373016264432348	0.5373667059520757	0.5377875948777953	0.5402140195992988	0.5479561730229524	0.5615715258575753	0.5810693648832281	0.6063311677936724	0.6371242939174405	0.6731395806202028	0.71402581379208	0.7594137816975098	0.8089313654688238	0.8622132697260071	0.9189080537347497	0.9786835641611396	1.0412308839866873	1.1062666853682483	1.1735340684872797	1.2428021900876058	1.3138650591960026	1.3865398309840529	1.4606648419945507	1.5360975481626822	1.6127124715935746	1.690399236338329	1.7690607598819361	1.8486116424692007	1.9289767583071946	2.0100900208252543	2.0918932859270716	2.1743353694021152	2.2573711700197507	2.3409608950303764	2.4250693802509424	2.509665491426387	2.594721593568111	2.680213079632912	2.76611795441301	2.8524164707689676	2.939090814090672	3.026124829620332	3.113503787421327	3.2012141808324537	3.2892435550183663	3.3775803622072433	3.4662138398208704	3.5551339076209327	3.6443310804687976	3.733796394084021	3.823521341915046	3.9134978217131713	4.003718090654685	4.094174727986792	4.184860604241582	4.275768856088982	4.366892865911757	4.458226245228319	4.549762821191501	4.641496625534054	4.733421885458916	4.825533016036128	4.917824613664789	5.010291450130977	5.1029284668029655	5.195730768597826	5.288693617535264	5.381812425930786	5.475082749512083	5.568500280904991	5.662060843979008	5.755760389448899	5.849594991914952	5.943560848227939	6.0376542767281025	6.1318717166211405	6.2262097267533685	6.320664983475768	6.415234277282393	6.509914505928627	6.604702661234153	6.699595820186617	6.794591170493048	6.889686045492749	6.984877773246785	7.080163281349875	7.175539527292676	7.271006270199824	7.366566612831613	7.462211266664657	7.557897928117619	7.653622473206734	7.749620138100792	7.846153287393171	7.94207307874534	8.034611807983266	8.127873754906757	8.242674062238677	8.374764424371298	8.413563580495548
8.38719356280419	8.348174830532116	8.215672294424442	8.100682492461996	8.007222903233938	7.914430481868321	7.818252431863345	7.721469989916717	7.625220906959594	7.529238256608214	7.433288450918761	7.337376719221926	7.241545068998025	7.145802374373869	7.05014538416004	6.954574261922393	6.859091934912191	6.7637013447849075	6.668405045794041	6.57320560269257	6.478105737006489	6.3831082894870095	6.288216192147432	6.193432473391833	6.098760266963654	6.004202815391089	5.9097634714160625	5.815445699858369	5.721253080026348	5.627189308513434	5.533258202505926	5.439463703749871	5.345809883199062	5.252300946256718	5.158941238449458	5.065735251323169	4.972687628337723	4.879803170577384	4.787086842186732	4.694543775568192	4.602179276501938	4.509998829436175	4.418008103226765	4.326212957591849	4.234619450531981	4.1432338469987675	4.052062629199796	3.9611125090848374	3.8703904437173926	3.779903654352415	3.689659650104435	3.599666257111803	3.509931654089519	3.4204644151257653	3.3312735605856165	3.2423686171980237	3.153759688970734	3.06545754145049	2.977473702678795	2.889820584580916	2.8025116284448965	2.715561478142163	2.628986185437881	2.542803452992212	2.4570329213322624	2.3716965051870456	2.286818782914404	2.202427442950538	2.118553795156773	2.035233360548964	1.9525065546490064	1.870419474397961	1.789024791347972	1.7083827560230826	1.628562335420725	1.5496425265940086	1.4717138923399955	1.3948803404744132	1.319261135419084	1.2449931232879399	1.172233174185628	1.1011608520799636	1.031981255881495	0.9649278316264955	0.9002647909306501	0.8382886424543592	0.779328290371041	0.7237432426909819	0.6719197566240458	0.6242650842587262	0.5811999283010769	0.5431482710775478	0.5105218299436084	0.48369449109093665	0.46296301315385935	0.44849942971930284	0.44032667523890795	0.43779835079356316	0.4373597838930864	0.43729197011450005	0.43728616301474377	0.4372919748889322	0.4373598182270108	0.4377985354835824	0.44032760837801704	0.4485026394523348	0.4629705312758521	0.4837087703192706	0.5105453479804084	0.5431830496726883	0.5812472274952659	0.6243253215091906	0.671992586219272	0.7238277234668749	0.7794230916035632	0.8383922506393111	0.9003756872864568	0.9650446204406277	1.0321027367485582	1.1012860407976235	1.172361285799652	1.2451235351634717	1.319393346613728	1.3950139369679777	1.4718485201519944	1.5497778707934116	1.6286981031961778	1.7085186637936753	1.7891605567053939	1.8705548129098364	1.9526411803632275	2.035366988600216	2.118686145336102	2.202558243795514	2.2869477761915054	2.3718234505018585	2.4571576003557096	2.5429256727436544	2.6291057802570426	2.715678310253988	2.8026255872287	2.889931584772145	2.977581681810252	3.065562456912518	3.1538615151096576	3.242467342828795	3.3313691871520015	3.4205569555385216	3.5100211320802743	3.599752706819792	3.6897431155935814	3.7799841888296917	3.8704681083562362	3.961187371503144	4.052134761754949	4.14330332511109	4.234686351227187	4.326277358383773	4.418070081381486	4.510058461602904	4.602236638680006	4.694598943392646	4.787139891528016	4.879854178432316	4.972736673924936	5.065782417198982	5.158986611367344	5.25234461745496	5.34585194785878	5.439504259535035	5.533297347356204	5.627227138150117	5.721289685866244	5.815481168122349	5.909797884103264	6.004236253451014	6.0987928154852815	6.1934642280533305	6.288247265684544	6.38313881669386	6.4781358768809065	6.573235536796229	6.668434972632122	6.763731470820519	6.859122463416155	6.954605381058437	7.050177255949533	7.145835126942016	7.241578793395607	7.337411464058603	7.433324202565394	7.529274932551588	7.625258464667276	7.721508588011718	7.818291945976045	7.9144690498390275	8.007258482998193	8.100723358403895	8.215737737345203	8.348228348080367	8.38719356280419
8.361650949310873	8.32247416517981	8.189583749765145	8.074383596903829	7.980724938656315	7.887687580179409	7.791258213581578	7.694231147549013	7.59773507931104	7.5014990051309445	7.405290758432536	7.3091165887155185	7.213018275971116	7.117004353214458	7.021071465411547	6.925219732747353	6.82945199807821	6.733771096069614	6.638179475616677	6.542679599011297	6.447274084069471	6.351965665807524	6.256757169212662	6.161651514634735	6.06665172661886	5.971760937319028	5.876982388074562	5.7823194315249635	5.687775534315589	5.593354280203103	5.499059373662856	5.40489464412868	5.310864050877103	5.216971688461491	5.123221792525661	5.029618745775606	4.936167083878192	4.842871501103887	4.749736855633259	4.65676817457587	4.563970658861648	4.471349688219034	4.378910826437553	4.286659827051904	4.194602639539417	4.102745416152513	4.011094519635371	3.919656532272515	3.828438266929876	3.73744678092505	3.6466893936682347	3.556173709016028	3.465907643149263	3.3758994585604607	3.286157804587046	3.1966917651155526	3.1075109147535454	3.0186253857280914	2.9300459485602124	2.8417841098824903	2.7538522308886324	2.6662636705032736	2.5790329586650613	2.4921760062607214	2.4057103579142867	2.319655492043808	2.234033171706572	2.148867852645965	2.0641871612046967	1.980022459085704	1.8964095086282473	1.8133892431709724	1.7310086437951155	1.6493217373565092	1.5683907560711352	1.4882875125338764	1.4090950263259732	1.3309094024645014	1.2538419526995896	1.1780215985018017	1.1035976633236326	1.0307431589607323	0.9596585373104312	0.890575664749206	0.8237615922191197	0.7595215829619066	0.6982007842733639	0.6401839116531653	0.5858924738571122	0.5357794005536296	0.4903210853049587	0.4500062454567019	0.4153192404213173	0.38671294434615955	0.36456532018755383	0.3491214951729654	0.340455401652494	0.33781654333612504	0.33735929846172985	0.33728868489100083	0.3372826415578034	0.33728869017644797	0.3373593368603473	0.3378167526151249	0.34045647262409084	0.34912476673454546	0.3645723809422738	0.3867258550445387	0.4153401446520627	0.4500369340689757	0.4903627377545032	0.5358325165105473	0.5859569294074295	0.6402590845815019	0.698285710644587	0.7596151143300665	0.8238625308395099	0.8906828652970765	0.9597709713695378	1.030859942408268	1.103718051525363	1.1781449607622736	1.253967740742162	1.331037124228382	1.4092242287163275	1.48841777074193	1.5685216658255252	1.649452908614926	1.7311396966331218	1.8135198069669374	1.8965392244428587	1.9801509839349385	2.0643141727329	2.1489930533380974	2.2341562924502965	2.3197762950559024	2.4058286388692705	2.4922915952812534	2.579145719894155	2.6663735002337963	2.7539590544944894	2.8418878779586705	2.9301466327376606	3.0187229746345734	3.10760541055745	3.1967831809860843	3.286246163211401	3.3759847916097896	3.4659899913599856	3.556253122430941	3.646765931600466	3.7375205113506924	3.8285092652263026	3.919724879429211	4.011160300211624	4.102808716305667	4.194663545397387	4.2867184235865405	4.378967196863723	4.471403913848553	4.564022819308428	4.656818348231529	4.749785120376317	4.842917935226757	4.936211767185534	5.029661760725953	5.123263225188231	5.21701162899338	5.31090259324281	5.404931884910795	5.499095410039833	5.593389207448331	5.6878094434237605	5.782352407710634	5.877014510843438	5.971792282555069	6.06668237068728	6.16168153996138	6.256786670299166	6.351994754326754	6.447302891672715	6.542708276814582	6.63820818997192	6.733800021000959	6.829481305391481	6.925249581121713	7.021101990115186	7.117035658871523	7.213050433828736	7.309149632258189	7.4053246656265985	7.501533692401577	7.5977705036874505	7.694267461128133	7.791295314528508	7.887723734974095	7.980758208766952	8.074421737807874	8.189645055251656	8.322524552652544	8.361650949310873
8.336943631318741	8.297613844561623	8.164347309246642	8.048942134489101	7.955088890941481	7.861812513141961	7.765138077792528	7.667872352586541	7.5711351873044475	7.474651672067924	7.37819103829647	7.2817605094107165	7.185401630997746	7.089122599698227	6.992919954664412	6.89679376688774	6.800746789805334	6.704781747147819	6.6089009785717	6.513106839688742	6.417401840023301	6.32178860385676	6.226269843636581	6.130848365588079	6.035527078450889	5.940308996909909	5.845197243370882	5.75019505036871	5.655305763599205	5.560532845354776	5.465879878446951	5.371350570732282	5.27694876024503	5.182678420835761	5.088543668139364	4.994548765648397	4.900698130667673	4.80699633998851	4.71344813523596	4.620058427971639	4.526832304726153	4.4337750321471505	4.340892062376281	4.248189038653867	4.155671801068656	4.063346392389295	3.9712190640587313	3.8792962826770565	3.787584737588698	3.6960913504624107	3.6048232879285305	3.513787978320082	3.422993133294653	3.3324467746836643	3.2421572666117178	3.152133353079889	3.062384201885245	2.9729194566249477	2.8837492991595526	2.794884525257383	2.7063366367601347	2.618117954976479	2.5302417615983956	2.442722473780266	2.355575858363117	2.2688192882771174	2.182472045399798	2.0965556800477314	2.011094443880483	1.9261158131205938	1.8416511104836628	1.7577362262748015	1.674412446451979	1.5917274208324752	1.5097363275194147	1.4285032814220489	1.3481029948472227	1.2686226718792413	1.1901641603264073	1.1128464891799548	1.036808992921686	0.9622151618377801	0.8892571634288355	0.8181607864794982	0.7491904785218241	0.6826541114494458	0.618906947643454	0.5583539877098566	0.5014497102085372	0.4486943595160384	0.4006262213049969	0.3578092222785307	0.3208141045367643	0.29018905300294695	0.26641314596116605	0.24983012781532155	0.24059484710782375	0.2378377763740372	0.23736167005958259	0.23728844125289772	0.23728219016309277	0.23728844698713444	0.23736171236476936	0.23783801154608294	0.24059607370000702	0.24983329304643961	0.26641903598360067	0.2901990711657705	0.3208299913804398	0.35783271016417034	0.4006587659321643	0.4487369630064757	0.5015028356410979	0.5584175725736358	0.6189804982852134	0.6827368348576877	0.7492814117396607	0.8182589045186611	0.8893614606525029	0.9623247043776146	1.036922940602258	1.1129640915170878	1.190284738291333	1.2687455984387823	1.3482276819934282	1.4286291743073678	1.5098629023255823	1.5918541833431217	1.6745389307669165	1.7578619947849519	1.8417757559406667	1.9262389622896863	2.0112157613782564	2.0966748711635175	2.182588857489411	2.2689335109053137	2.3556873224318005	2.4428310496505787	2.5303473560831797	2.618220507202493	2.7064361131624595	2.7949809141840545	2.8838426056448183	2.973009697857063	3.0624714037925083	3.1522175482921053	3.2422384938143547	3.332525079098044	3.423068567771	3.5138606044138894	3.60489317639295	3.6961585808085617	3.7876493966640354	3.8793584624929474	3.9712788592821497	4.063403897959228	4.155727110310696	4.248242242092765	4.340943247254793	4.433824282517096	4.526879701922629	4.620104051311185	4.713492062854554	4.807038649800006	4.900738901433214	4.994588078089919	5.088581605930807	5.182715071216043	5.276984213973901	5.371384921191449	5.465913219876319	5.560565270469642	5.6553373610897415	5.750225902956136	5.845227427113004	5.940338582271904	6.0355561332947945	6.13087695975167	6.226298054283316	6.321816520419189	6.41742956745382	6.5131344989435975	6.608928703775131	6.70480967958538	6.80077506952424	6.896822523053326	6.99294929623423	7.08915260880275	7.185432360592211	7.281791979650002	7.378223220518711	7.4746844832153005	7.571168585376507	7.667906484045052	7.765172862438236	7.861846343801324	7.955119935662659	8.0489776420483	8.16440457228243	8.297661139563722	8.336943631318741
8.31307933325275	8.273601793197923	8.139971351506832	8.024366684634163	7.930323546277612	7.83681433032797	7.7399013388235165	7.642403182512307	7.545431083169979	7.448706396356458	7.351999724928072	7.255319219801651	7.158706186201207	7.0621684896134305	6.965702561703958	6.869308418917299	6.772988720787625	6.676746076649622	6.580582713438698	6.484500876199241	6.3885029618704285	6.292591479265731	6.196769023048887	6.101038279538871	6.0054020353725175	5.9098631809907065	5.8144247126440805	5.71908973511258	5.623861465068822	5.528743234840683	5.433738496639874	5.338850827359753	5.244083933936022	5.149441659162237	5.054927987780783	4.9605470526325375	4.866303140665259	4.772200698682652	4.678244338843983	4.584438844049887	4.490789173414494	4.3973004679867875	4.3039780567501165	4.210827462755789	4.117854409121308	4.025064824620878	3.9324648487478044	3.8400608364237185	3.747859362922661	3.655867229982962	3.564091474351845	3.4725393799764666	3.3812184946490134	3.2901366513005357	3.199301993703238	3.1087230064112035	3.0184085492984676	2.928367897651853	2.8386107892005072	2.749147480062004	2.6599888129800595	2.5711463032880286	2.482632249320997	2.3944598729755326	2.306643493435968	2.219198736252976	2.1321427842199747	2.045494684093359	1.9592757268826355	1.8735099135198963	1.788224507340662	1.7034506753972904	1.6192242422811682	1.5355866096705744	1.4525858997911392	1.3702783442732058	1.2887298950114343	1.208018049587146	1.1282339896961393	1.0494852525924245	0.9718991602537224	0.8956270730496038	0.8208493457220847	0.7477808378007796	0.6766769757459157	0.6078404094966704	0.5416279600578501	0.4784568714161213	0.4188087683126517	0.36322952950204135	0.31232345242366283	0.2667403101185364	0.22715368417771784	0.19422762283877082	0.1685664208733843	0.150643965310483	0.1407411483231891	0.13785831846715077	0.13736428907094342	0.1372889332387018	0.13728253340046234	0.13728893929421057	0.13736433461312147	0.1378585794992866	0.1407425563920805	0.1506467150775015	0.16856988869714765	0.19423221936620036	0.22716084404283485	0.26675220663682053	0.3123425102801753	0.36325788318514574	0.4188478635615027	0.4785073281888404	0.5416896637799806	0.6079127128503609	0.6767589061991285	0.7478712628155956	0.8209470914970921	0.8957310041729131	0.9720082246059958	1.0495984956675861	1.1283505473205917	1.2081371316699587	1.2888507712546289	1.3704003368265827	1.4527083817922077	1.5357090059392429	1.6193460295206954	1.703571381712416	1.788343712139159	1.8736272482921263	1.9593908761629166	2.0456073854434855	2.132252826585614	2.219305956838654	2.306747773622395	2.3945611336563597	2.482730445732134	2.5712414193040214	2.660080855017626	2.749236470983331	2.83869676276484	2.928450894064207	3.018488612279163	3.108800181994337	3.1993763306827496	3.290208202916973	3.3812873208347023	3.4726055493576387	3.5641550653060605	3.6559283303463412	3.7479180683349917	3.84011724766233	3.932519068628129	4.025116955083476	4.1179045489950585	4.21087570644842	4.304024493858945	4.397345183627605	4.490832248985264	4.58448035817959	4.678284368382129	4.77223931969487	4.866340429455602	4.960583086787073	5.054962847135982	5.149475426495872	5.244116695119475	5.338882670746086	5.433769511605197	5.528773509621138	5.623891084282379	5.719118777548509	5.814453249971912	5.90989127793855	6.005429751646165	6.101065673342046	6.196796155611792	6.292618419412572	6.388529789474724	6.484527683472324	6.580609603390812	6.676773158665274	6.773016103849522	6.869336203419609	6.9657308312690684	7.062197305198112	7.158735584120974	7.255349208702826	7.35203027124949	7.448737419028313	7.545462542409028	7.642435219845559	7.739933894492467	7.836845920454968	7.930352447393688	8.024399651636044	8.140024675172807	8.273646042310386	8.31307933325275
8.290065596983725	8.250445751573476	8.116464068966769	8.00066564140209	7.906437506648003	7.812701897441262	7.715557127171787	7.6178330311182725	7.520632435540955	7.423673133323935	7.326727069155653	7.229803275004943	7.132942810838572	7.036153216780108	6.939430815703289	6.842775564655658	6.746190025343913	6.649676689737336	6.553237668977991	6.456875094016361	6.360591245253031	6.264388511644502	6.168269365195628	6.072236366942363	5.976292175560834	5.880439550933097	5.78468135639397	5.689020561757787	5.593460246998259	5.4980036063153985	5.402653952641443	5.3074147226740305	5.212289482417264	5.117281933114148	5.02239591739244	4.927635425426111	4.8330046009548715	4.73850774710857	4.644149332122648	4.549933995147752	4.455866552388071	4.361952003712667	4.268195539687669	4.174602548743255	4.081178624011611	3.987929569332779	3.8948614040744216	3.801980366762863	3.7092929180409775	3.6168057440311223	3.5245257615644654	3.432460126704915	3.3406162474864693	3.249001801045693	3.157624754792966	3.066493391171893	2.975616335743101	2.885002588499819	2.794661558625484	2.7046031040281804	2.6148375792804277	2.525375897971924	2.4362296158220276	2.3474110384126923	2.2589333547400243	2.170810799431274	2.083058853446155	1.9956944994294081	1.9087365453398655	1.8222060188860532	1.7361266296083444	1.6505253109492277	1.5654328871524057	1.4808849284926244	1.3969228330165293	1.3135951181785555	1.2309588897648474	1.1490815391384315	1.0680428663284298	0.9879378929919946	0.9088805029268475	0.8310078157191123	0.7544851292553225	0.6795115314287922	0.6063266832151238	0.5352193386714792	0.46653759111439447	0.4006998256234379	0.3382044133861687	0.2796355838082404	0.22566258541814319	0.17702898843390708	0.13452917601595177	0.09896923409524618	0.07110981505319774	0.05159401400478465	0.040893904504304635	0.037876358296546904	0.037366148214204545	0.0372892585622308	0.037282770444059594	0.037289264771260676	0.037366195780162155	0.03787664339433261	0.04089553855573464	0.05159575381349347	0.07110859364401027	0.0989641787216678	0.13452199477585763	0.17702341745918823	0.22566313564049417	0.2796462271329922	0.33822776914955394	0.4007369957881873	0.4665884430712576	0.5352829409414155	0.6064016846306426	0.6795964184018773	0.7545783789904197	0.831107981964016	0.9089862599086646	0.9880480505978256	1.0681563648761911	1.149197432707744	1.231076327794404	1.3137133325728167	1.3970411327197323	1.4810026986956129	1.5655495889638977	1.6506404793135059	1.736239869799875	1.8223170027974211	1.908845007984618	1.9958002350704567	2.0831617106425133	2.170910674949417	2.2590301868906835	2.347504800423655	2.4363203094824697	2.525463547449234	2.614922225002966	2.7046847967831167	2.7947403543024363	2.8850785440403044	2.9756895067888744	3.0665638316735495	3.157692518490905	3.2490669443354334	3.340678832838272	3.4325202256532354	3.524583456399885	3.616861127697231	3.709346092239987	3.8020314387388336	3.894910482831026	3.9879767620882607	4.0812240335179935	4.174646271785426	4.268237666744165	4.361992619506701	4.4559057369458435	4.54997182501588	4.644185881529628	4.738543089009523	4.833038808001107	4.9276685709112	5.022428076150843	5.11731318223389	5.212319901539349	5.307444393643522	5.402682958372567	5.498032028920359	5.593488165457483	5.689048049610235	5.784708480032425	5.880466369052125	5.976318740108122	6.072262725592612	6.1682955649672015	6.264414602910718	6.360617285169776	6.456901148385542	6.553263811834257	6.649703000431322	6.74621658342108	6.842802443237087	6.93945807458444	7.036180897371205	7.132970934582611	7.229831840837422	7.326756040233424	7.423702431864978	7.520662025018856	7.6178630486244385	7.715587531934615	7.812731325146796	7.906464343136635	8.000696161189389	8.116513563909557	8.250487010229657	8.290065596983725
8.267909764576507	8.2281532583507	8.09383344873187	7.977847193764179	7.88343916943561	7.789483875125735	7.69211436752098	7.594171085749154	7.496748705943109	7.39956163046426	7.302383113334541	7.2052230212584965	7.1081221652060425	7.011087766364308	6.914116037926987	6.817206873224062	6.720362732777058	6.623585988715972	6.526878633741522	6.430242681576552	6.3336802925227875	6.2371937317072	6.140785344057065	6.044457560451423	5.948212906291048	5.852054005153512	5.755983581273883	5.660004462856756	5.564119586041534	5.468331999236628	5.372644867859016	5.277061479548786	5.181585249822055	5.086219728036663	4.990968603499883	4.895835711552456	4.800825039531895	4.705940732645233	4.611187099928086	4.516568620568372	4.422089950866932	4.327755931963755	4.233571598202701	4.139542185712818	4.045673140546534	3.951970125626193	3.8584390258881074	3.7650859514250024	3.6719172390835912	3.5789394537026036	3.4861593906738704	3.393584081495658	3.301220803439776	3.2090770936750674	3.1171607675634943	3.025479940468384	2.934043052078491	2.8428588919451463	2.7519366252956505	2.6612858200491236	2.5709164789885675	2.4808390831216016	2.391064651211451	2.301604817128364	2.212471925588748	2.123679151773894	2.0352406581620652	1.9471718032670189	1.8594894067179657	1.7722120632596707	1.6853605048266092	1.5989580413319073	1.5130311418859586	1.4276102089528995	1.3427305429632266	1.2584334522492095	1.1747675122744061	1.09179012361646	1.009569639130098	0.9281882686048437	0.84774571677189	0.7683633077512213	0.6901885078203023	0.6134003084170292	0.538216464619236	0.46490356569597824	0.3937902020069238	0.32528246721180876	0.2598801244380019	0.19819087346100217	0.1409388549997639	0.08896192768793848	0.04319046042912226	0.004602933829492992	-0.025840746204088855	-0.0472715066916724	-0.05893724451594506	-0.062106182279554195	-0.06263246182224505	-0.0627106569034691	-0.06271720972128662	-0.06271065084451459	-0.0626324137747624	-0.062105870938237065	-0.05893530920728112	-0.047271977858362055	-0.02585082001863511	0.004581174382062811	0.043160696291283586	0.08893164467789033	0.14091608211415438	0.19818174865421323	0.25988800297060655	0.325308183451631	0.39383288306396635	0.46496143891917513	0.5382874264655866	0.6134822445897522	0.6902794406092105	0.7684614490692707	0.8478494783142021	0.928296254840075	1.0096806325052892	1.0919030647227246	1.174881477986346	1.258547636735298	1.3428442453608875	1.427722827345657	1.5131421697393923	1.5990670625875212	1.6854671865200475	1.7723161468548752	1.8595906996228846	1.947270170912031	2.0353360161933622	2.1237714580593243	2.212561172344444	2.3016910237421215	2.3911478580318297	2.4809193459885517	2.5709938640793455	2.6613603988369405	2.7520084698570386	2.8429280712071545	2.934109629689267	3.025543974775941	3.1172223137617308	3.209136207641304	3.3012775463071553	3.3936385237537383	3.4862116146902635	3.57898955399732	3.6719653203183045	3.765132124672356	3.85848340412835	3.9520128194871056	4.0457142550834275	4.139581818631784	4.233609839509123	4.327792864697542	4.422125652439594	4.5166031642504745	4.6112205561943025	4.705973170280775	4.800856526552651	4.895866316039531	4.99099839439436	5.086248775824469	5.181613626927305	5.277089260208262	5.372672127303525	5.468358812151748	5.564146024481618	5.66003059398247	5.756009465413418	5.852079694702327	5.948238445842016	6.044482988296552	6.140810694869238	6.237219039871499	6.3337055953337345	6.430268021438283	6.526904058660024	6.62361155073582	6.720388484452294	6.817232862590705	6.914142302963172	7.011114330851505	7.108149037578354	7.205250192485056	7.302410544755575	7.399589248672704	7.496776478472886	7.5941991455525955	7.692142691142115	7.789511213484537	7.883464017513992	7.97787535992498	8.093879232678526	8.228191590655898	8.267909764576507
8.246618959378372	8.206731630822622	8.072087251496145	7.955919303749371	7.861336704830149	7.7671686954909145	7.669581754407425	7.571426302147529	7.47378912284652	7.376381400739963	7.278977663946921	7.181588567852125	7.084254671912803	6.986982885487637	6.889769311651711	6.792613776240919	6.695518635804134	6.5984861406600785	6.501518162864262	6.404616596208816	6.307783477784927	6.211020945403219	6.114331213028976	6.017716577094759	5.921179425037295	5.824722239037204	5.728347598710632	5.632058184670612	5.535856782734925	5.439746288479902	5.343729712158829	5.247810184031113	5.151990960044559	5.056275427736746	4.960667112199627	4.865169681987633	4.769786954949161	4.674522904108866	4.579381663875201	4.4843675369269045	4.389485002085387	4.294738723287122	4.2001335594616265	4.105674574768178	4.011367048341808	3.9172164825522895	3.8232286089016494	3.7294093911590585	3.6357650261229124	3.5423019432807146	3.4490268052407274	3.3559465108497375	3.2630682024134567	3.170399277701814	3.077947406696498	2.9857205522537154	2.893726992889354	2.8019753451942733	2.7104745840460045	2.6192340614037417	2.5282635277389223	2.437573161235059	2.347173607482591	2.2570760295161905	2.1672921700695427	2.0778344357100544	1.988716018101698	1.8999510610491783	1.8115548658902418	1.7235441224277146	1.6359371763951778	1.5487543845864276	1.4620186201652303	1.3757559437905384	1.2899963914779475	1.2047748412434636	1.1201320511792139	1.0361161175329128	0.9527846057289101	0.8702073872682223	0.7884699397001778	0.7076768534743049	0.6279557126668432	0.5494621727589594	0.4723874685377044	0.3969694137181264	0.3235073471418545	0.2523808956021922	0.1840720138097049	0.11918900811092008	0.058488837656254	0.002889137783404693	-0.04653995992221577	-0.08861712791594602	-0.12212566429703281	-0.14588029468147912	-0.1587300175284245	-0.16208411148508894	-0.16263067980448181	-0.16271067243194018	-0.162717323568456	-0.16271066700072415	-0.16263063086692386	-0.16208374965900066	-0.15872774151218827	-0.1458854921831827	-0.12215187524570695	-0.08866630703229113	-0.0466029888908275	0.0028266487026938863	0.05843973787186545	0.1191609365526916	0.184067528862462	0.25239922805285525	0.323546013909303	0.3970253305099066	0.4724575694974977	0.5495436802164736	0.6280462109492083	0.7077742716849783	0.7885725051480035	0.8703135808789226	0.952893129126045	1.0362258681686993	1.1202420990854296	1.2048844058468389	1.2901048216946949	1.3758627040590692	1.4621232809962221	1.5488566137011606	1.6360367277933752	1.7236408236759881	1.8116486055254626	1.9000417774722551	1.988803690076319	2.0779190740226965	2.1673738102035633	2.2571547255725055	2.3472494274492393	2.4376461831990053	2.528333836287791	2.6193017436400567	2.7105397252388044	2.8020380247454044	2.893787281640651	2.985778512051997	3.078003092613171	3.170452742555723	3.2631195025254875	3.355995711526925	3.4490739845214216	3.5423471929756087	3.635808449978885	3.7294511007656586	3.8232687184871748	3.917255103940017	4.011404287081804	4.1057105279736135	4.2001683153525935	4.294772362043181	4.389517597419608	4.484399157823476	4.57941237611549	4.6745527714469155	4.769816039989873	4.865198046906875	4.96069481941444	5.056302540522792	5.15201754297188	5.247836303012618	5.343755433918885	5.439771679356502	5.535881906898585	5.632083102025497	5.728372362883807	5.824746895914912	5.92120401224692	6.017741124656953	6.114355745143527	6.211045483038551	6.3078080414878706	6.404641208418747	6.501542849068945	6.598510928975048	6.695543554893872	6.792638851824489	6.889794562336508	6.987008319601379	7.084280286821827	7.1816143482333645	7.279003570617367	7.37640736552228	7.473815117891154	7.571452456370832	7.669608059826286	7.767194013421152	7.861359638324462	7.9559452100180845	8.072129448818997	8.206767109322678	8.246618959378372
8.22620006539088	8.18618794355334	8.051232988407689	7.934889682454818	7.8401380310220965	7.745764536344484	7.647967725525284	7.5496073768809815	7.451762653243627	7.354141693347005	7.256520261588524	7.15890975635382	7.061350484343881	6.963849050906588	6.8664014490298495	6.769007433831975	6.6716692556765835	6.574389041613706	6.477168541322016	6.380009526435236	6.28291390822916	6.185883694263746	6.088920964262081	5.992027876574232	5.895206676677322	5.798459700982116	5.701789379699938	5.605198240606983	5.50868891344352	5.412264134632012	5.315926752311699	5.219679731707579	5.123526160752553	5.027469255823057	4.931512367456506	4.835658985990361	4.739912747193009	4.644277438118582	4.5487570035564495	4.453355553495743	4.3580773719375205	4.2629269271518995	4.167908883126452	4.0730281115489415	3.9782897033010918	3.883698978234437	3.7892614921059695	3.6949830400817323	3.6008696571208207	3.5069276165500014	3.4131634288326866	3.319583842673995	3.2261958502504147	3.133006697730235	3.0400239013926837	2.947255268370429	2.8547089194649	2.762393310606826	2.6703172506696706	2.5784899164626665	2.486920868484275	2.395620070577721	2.304597913510389	2.2138652417200295	2.1234333884002963	2.0333142328327365	1.9435202937022134	1.8540648570431366	1.7649621212282889	1.6762273501470322	1.5878770654952927	1.4999293424157272	1.4124042474521177	1.3253243793855014	1.2387154359144683	1.1526068279446278	1.0670325525548157	0.9820326143922904	0.8976551000736127	0.8139586821490816	0.7310152046144978	0.6489123157317939	0.5677567173215745	0.48767906863824284	0.40884161234703736	0.3314492838861344	0.255764845882871	0.18212879002816357	0.11098521287770476	0.04291445070026416	-0.021330015469785277	-0.08078503776235577	-0.13425697174083795	-0.18034646158946502	-0.2175143745238194	-0.24412442288281117	-0.2584564144899662	-0.2620524028796122	-0.26262740553257374	-0.26271032153083906	-0.26271716010499085	-0.2627103153184094	-0.26262734233739227	-0.2620519264050859	-0.25845418893624	-0.24413984276524328	-0.21756913537589884	-0.18043773895839038	-0.13436407430766506	-0.08088392008257857	-0.02140391396372381	0.042872367997698106	0.110974494553899	0.18214556612083677	0.25580438024624375	0.3315070447298636	0.40891364678723285	0.48776207348306094	0.5678479807085945	0.6490096151183886	0.7311167036016616	0.8140628488601631	0.897760654265294	0.9821384958767282	1.0671378972122914	1.152710942504858	1.2388177718344546	1.3254245104251787	1.4125018529575404	1.5000241939613168	1.5879690134352225	1.6763163089235253	1.7650480548372605	1.854147766586144	1.9436002078190653	2.0333912006544628	2.1235074744045535	2.21393652215411	2.304666474107991	2.3956860049172537	2.48698427595711	2.578550898964223	2.6703759078818825	2.762449734720266	2.854763190862628	2.9473074538268462	3.0400740557121515	3.1330548687081863	3.226242085768868	3.3196281980328983	3.4132059723296284	3.506968431883362	3.6009088421849396	3.6950207027708335	3.7892977444813307	3.883733930632488	3.9783234596831125	4.073060766802146	4.16794052237283	4.262957626617644	4.358107200693812	4.453384575403503	4.5487852789537255	4.644305025063264	4.739939702306242	4.835685365067039	4.931538226002521	5.027494649577688	5.123551146121338	5.219704365931875	5.3159510931801846	5.412288239607553	5.508712838214585	5.605222037234189	5.7018130946680206	5.798483373545154	5.895230337874533	5.992051549187261	6.088944663795126	6.185907430789144	6.282937688706763	6.380033356951469	6.477192428670185	6.5744129937740965	6.6716932809878084	6.769031538899734	6.86642563588002	6.963873314792671	7.061374813558404	7.15893413087513	7.25654464282716	7.354166018976514	7.451786900345143	7.5496316702641595	7.647992070715194	7.745787899798549	7.840159121987049	7.934913422785584	8.051271729727441	8.186220648950346	8.22620006539088
8.206659704880565	8.166529005169355	8.03127789587673	7.914765763915464	7.819850787192505	7.725279293145893	7.627280432683751	7.528722717356418	7.430677971742458	7.3328514619085645	7.235020148280219	7.137196127037876	7.039419452184113	6.941696433597998	6.844022954694681	6.746398697212362	6.6488258037011105	6.551306277020335	6.4538417432493445	6.356433850162191	6.259084381181927	6.1617952113007695	6.064568283387791	5.967405614789007	5.870309305777048	5.7732815433955835	5.676324604456227	5.579440859452016	5.482632777090833	5.3859029291171945	5.289253995395258	5.192688769239132	5.09621016288523	4.999821212966361	4.903525085890265	4.807325083134179	4.711224646624644	4.615227364539634	4.519336977989953	4.423557389050225	4.327892670482534	4.232347077227667	4.136925059358378	4.041631275746031	3.9464706072707587	3.8514481681496684	3.75656931405409	3.6618396462618894	3.5672650120676246	3.472851502735255	3.3786054510426355	3.284533430748891	3.1906422601863738	3.096939011698377	3.0034310276048286	2.910125941583017	2.817031702339542	2.7241565956941134	2.63150926285437	2.5390987157406286	2.4469343516513846	2.355025967494981	2.263383771172171	2.172018390461495	2.0809408890747543	1.9901628060935665	1.8996962265193014	1.8095538699708054	1.7197491763484203	1.6302963946716449	1.5412107277997025	1.4525085931443529	1.3642079912021863	1.2763288896340308	1.1888935612838978	1.1019270045334975	1.0154577549581	0.9295193086256398	0.8441519986839519	0.7594048636946168	0.6753372408060668	0.5920204764673661	0.5095407312932173	0.4280038725614692	0.34754299992410764	0.26832883634702925	0.19058354770070293	0.11459954702318018	0.0407659349699622	-0.030394973626642015	-0.09817682129462653	-0.16162268615328584	-0.21946688213510185	-0.27011812367110916	-0.3116622622065578	-0.3418342619108615	-0.3580803270096562	-0.36200677507387075	-0.36262092971830895	-0.3627081637186721	-0.3627153026823235	-0.3627081514173173	-0.36262082311784133	-0.36200615359836924	-0.3580802266962682	-0.34187151271817273	-0.31176530041653466	-0.2702687893532429	-0.2196247777780403	-0.16175440410210598	-0.09826678794430597	-0.03044163940727979	0.04075710184512184	0.11462104137524966	0.1906284102258482	0.2683913957161967	0.3476187624480856	0.42808929839866905	0.509633031247237	0.5921174418032361	0.6754371043853576	0.7595061953190569	0.8442536363905628	0.9296203185864185	1.0155574048790732	1.102024737438668	1.1889889660265918	1.276421672259942	1.3642979518132548	1.4525956086049832	1.541294737316183	1.6303773857527792	1.719827171216196	1.809628914125692	1.8997683807745527	1.9902321420553315	2.0810074871866235	2.1720823396776052	2.2634451694605686	2.3550849222013777	2.446990978470895	2.539153135221575	2.6315615942604706	2.7242069493483347	2.8170801725941397	2.9101726027620707	3.0034759345207656	3.096982204944339	3.190683774886185	3.2845733063613998	3.378643739546939	3.472888273136785	3.567300350398531	3.6618736516207653	3.756602092251334	3.8514798249010926	3.9465012426041475	4.041660980580608	4.136953914410247	4.232375153762911	4.327920032128025	4.4235840938810576	4.519363080341859	4.615252916306343	4.711249698070307	4.807349683403351	4.9035492834140255	4.999845055874286	5.09623369939964	5.192712047914922	5.2892770650216505	5.385925838132735	5.482655572465432	5.579463585126019	5.6763472995566095	5.7733042405390735	5.870332029795384	5.967428382161447	6.064591102542319	6.161818083765491	6.259107303366535	6.356456815378166	6.453864743498066	6.5513293041248675	6.6488488494919995	6.746421752654792	6.844046008247529	6.941719469953959	7.039442452575212	7.137219068248191	7.235042993259196	7.332874154581156	7.43070049421175	7.5287451901094045	7.627302872719134	7.725300766485207	7.819870106692948	7.9147874326754035	8.031313317679492	8.166559025976046	8.206659704880565
8.188004214178017	8.147761333260531	8.012228908307142	7.8955546768306455	7.800482304306855	7.705720548693848	7.607527710427974	7.508780409425717	7.410543427166013	7.312519330070812	7.21448623205653	7.116456882444245	7.018471083909092	6.920534860132097	6.822643985962381	6.724798067666376	6.626999138952321	6.529249078131815	6.431549387015708	6.333901588399441	6.236307336445423	6.1387683719412465	6.041286499018735	5.943863591868923	5.8465016031187504	5.749202567675559	5.6519686058018825	5.554801927119409	5.457704835215505	5.360679732504367	5.2637291252881075	5.166855628970377	5.070061973295292	4.973351007477785	4.876725705172627	4.780189169374956	4.683744637523582	4.587395487241792	4.491145243240556	4.394997585880967	4.298956361729289	4.203025596148468	4.107209507574753	4.011512522661105	3.9159392910104045	3.820494697934139	3.7251838737660568	3.63001219885791	3.534985304377195	3.4401090700911463	3.3453896211376657	3.250833326247618	3.156446800020174	3.0622369114977026	2.9682108000289604	2.8743758971971864	2.780739951455096	2.6873110517769154	2.594097648667841	2.5011085731894385	2.408353054143384	2.3158407303134547	2.2235816539628597	2.131586288772932	2.039865516137249	1.9484306645964964	1.8572935600879126	1.7664665744784087	1.6759626575018973	1.585795381535633	1.495979065904876	1.4065290137155038	1.317461794399913	1.228795456191178	1.1405496786413265	1.0527461152363555	0.9654092510150226	0.878567795580866	0.7922561537024805	0.7065154177952997	0.6213939142764808	0.5369481878951976	0.4532456161510998	0.37036931000961665	0.28842518136978207	0.2075509354172767	0.12792758167377355	0.049795397839872434	-0.026522727411262915	-0.10058510520519234	-0.17177091467959107	-0.23919357767158067	-0.3016082931927855	-0.35732413598378665	-0.40406054851429923	-0.4387294964381956	-0.45753557650293375	-0.46194011503080895	-0.4626081618383547	-0.4627012939997487	-0.4627088480511838	-0.46270127924912957	-0.4626080385783323	-0.4619397309052004	-0.45754426628017775	-0.4388109034565185	-0.4042388927803657	-0.35754836256251	-0.3018134093297396	-0.23934430042033453	-0.1718616308795924	-0.10062418866864128	-0.02652153117503042	0.04982664585765272	0.1279806836419912	0.2076197303117825	0.28850510295889764	0.3704569094770262	0.4533382540019366	0.5370438293528895	0.6214909816288863	0.7066126801036705	0.7923526490621959	0.8786627814713881	0.9655021722638085	1.0528365769707806	1.1406374170509852	1.2288803081603439	1.3175436711114967	1.4066078812628062	1.4960549316672707	1.5858682832051205	1.676032653104254	1.7665337340615523	1.857357960529155	1.948492388041849	2.039924651311478	2.1316429338117886	2.223635919397973	2.315892740828376	2.408402947639602	2.501156496017337	2.5941437469518407	2.6873554603474044	2.7807827832402414	2.8744172362943288	2.968250700808256	3.0622754043007783	3.156483901985936	3.2508690542690153	3.345424003450991	3.4401421536492465	3.5350171566565427	3.6300429045006	3.7252135278298506	3.820523398108879	3.915967130907919	4.011539587463561	4.1072358723420335	4.2030513262978335	4.2989815147997525	4.3950222136829185	4.4911693937438475	4.587419205905513	4.68376796807664	4.780212154236252	4.876748385735506	4.973373424407626	5.070084166860686	5.166877639309119	5.263750992444802	5.3607014960845	5.457726533572953	5.5548235961036045	5.651990277205194	5.749224267612786	5.846523350618946	5.943885397952995	6.041308366469531	6.138790295850257	6.236329305459535	6.333923586428247	6.43157139504706	6.529271075779381	6.627021105406866	6.724819981821306	6.8226658258187864	6.920556602384848	7.018492704719748	7.116478356806779	7.214507525243229	7.31254039246027	7.410564245780843	7.508801100104082	7.607548299590487	7.705740196117174	7.800499923267435	7.895574369052533	8.012261152542784	8.147788765380197	8.188004214178017
8.170239617590498	8.129891127324028	7.994092628707083	7.877263214119693	7.782039573694264	7.687095540532766	7.588717042307186	7.489788182559953	7.391367006624991	7.293153554455526	7.194927048772625	7.096700847997357	6.998514506158419	6.90037377073555	6.802274309519078	6.704215651796066	6.606199722026484	6.508228274217526	6.4103026858454095	6.312424354248624	6.214594803612136	6.11681563962289	6.01908852657824	5.92141519418794	5.8237974458480455	5.726237162441598	5.628736305435066	5.531296920911194	5.43392114418499	5.336611204637841	5.239369430686141	5.142198254804383	5.045100218458296	4.948077976828656	4.851134303326748	4.754272094080812	4.657494372763763	4.560804296279674	4.464205161877313	4.3677004161858095	4.271293666473107	4.174988694129016	4.0787894699811185	3.9827001705809892	3.8867251941276346	3.7908691744011627	3.6951369911781953	3.59953377619011	3.5040649146294456	3.408736043215612	3.3135530466829266	3.2185220552180995	3.123649445770584	3.0289418498708898	2.9344061691095518	2.8400495970086514	2.745879644153044	2.6519041637559106	2.5581313768788707	2.4645698973411156	2.371228753662732	2.278117401934547	2.1852457260479516	2.092624032452658	2.000263055715841	1.9081739837646858	1.8163684885942748	1.724858736327756	1.6336573782171682	1.5427775760000086	1.452233124680364	1.3620386574203398	1.2722098160990534	1.1827633001582105	1.0937169236316546	1.0050900181810294	0.9169043967231267	0.8291855976271816	0.7419637270902514	0.6552734849408706	0.5691538700580137	0.4836488184251447	0.3988098430810983	0.31470076810676284	0.23140388002712012	0.14902706691434314	0.0677126081788295	-0.012350606520479361	-0.09090840599988584	-0.16760833928663846	-0.24194028294736653	-0.31314731017604114	-0.3801189578727976	-0.44123572714286924	-0.49399069405278323	-0.5343417883609126	-0.5566861768565534	-0.5618379006844567	-0.5625843545839663	-0.5626857916142785	-0.5626939220361413	-0.5626857906601577	-0.5625843497537228	-0.5618390456043582	-0.5567197714087835	-0.5345053961142832	-0.4942733940498171	-0.44153379954930133	-0.38035145627330114	-0.31329399588974244	-0.24201427723525443	-0.16762898018686148	-0.0908913481845554	-0.012307029713870692	0.06777467722895658	0.1491017770374915	0.23148700667813923	0.314789219815553	0.39890131122827965	0.4837415689930867	0.5692466049205696	0.6553652380604084	0.7420537845800153	0.8292734400984225	0.916989660819519	1.0051724690553834	1.0937964294494642	1.1828398052843474	1.272283316073199	1.3621091803133227	1.4523007198992048	1.5428423078106395	1.6337193208521057	1.7249179698523112	1.816425096699118	1.9082280546344772	2.0003146857766065	2.0926733315830197	2.185292822354339	2.2781624441603308	2.371271909474834	2.464611346340087	2.5581712985082365	2.6519427221335876	2.7459169734364104	2.840085791384427	2.9344412804966704	3.028975894247624	3.1236824164903862	3.2185539396839413	3.3135838419846184	3.4087657669979343	3.5040936092223367	3.5995615061897754	3.695163836437465	3.7908952212303975	3.8867505273155647	3.9827248679122405	4.078813599750172	4.175012315182923	4.271316829804876	4.367723167057816	4.464227541728228	4.56082634405793	4.657516125671257	4.754293587913908	4.8511555726536	4.948099055178002	5.045121138574552	5.1422190489054245	5.2393901305861315	5.336631841586088	5.433941748317821	5.531317520296961	5.628756924787216	5.7262578216597575	5.823818158606748	5.921435966816195	6.019109357452176	6.116836519223057	6.214615715280213	6.312445275536124	6.410323590219907	6.508249132818382	6.606220505139133	6.704236329740383	6.802294852909286	6.900394150789878	6.998534695884954	7.09672082188932	7.194946775058589	7.293172989998809	7.391386143106815	7.4898071307717995	7.588735836074045	7.687113427434758	7.782055563725465	7.877281025752241	7.994121842332829	8.129916073540583	8.170239617590498
8.153371599311937	8.112924239639632	7.976875297083728	7.859897800225178	7.764529213338886	7.669411126008153	7.570855524718222	7.471753372514953	7.37315629697955	7.274761984877996	7.176350721031851	7.07793642958162	6.979558419884912	6.881222173935108	6.782923254479957	6.684661112919946	6.586437564708422	6.488254240431972	6.390112393820279	6.2920132969749085	6.193958344136936	6.095949005795082	5.997986806155925	5.90007332999937	5.802210230814916	5.704399234511271	5.606642142476363	5.508940835576381	5.411297278716445	5.313713525580748	5.216191723440352	5.118734117919461	5.021343057565377	4.924020998125785	4.826770506594612	4.729594265292834	4.632495076443696	4.535475867821721	4.4385397000582385	4.341689776066691	4.244929452832214	4.14826225551393	4.051691893433278	3.9552222770704737	3.8588575347396326	3.7626020273411496	3.6664603596972185	3.5704373875216158	3.474538219906981	3.3787682181099417	3.28313299228854	3.18763839870182	3.092290540475923	2.9970957747347873	2.9020607272306895	2.8071923132780103	2.7124977625914832	2.617984646633586	2.523660908629425	2.429534895141492	2.335615383519738	2.241911597146997	2.148433206905687	2.0551903300978527	1.9621935422709902	1.8694539011951326	1.7769829585990438	1.684792738884885	1.592895709812404	1.5013048137532723	1.4100335956434549	1.319096353092247	1.2285081734803385	1.1382848573934397	1.0484429942415394	0.9590005334708226	0.8699778282540801	0.7813985515586594	0.6932897534744901	0.6056810245500334	0.5186037595576887	0.4320918720173424	0.34618456105836365	0.2609305869281157	0.17639309840831485	0.0926547237100728	0.009823699396879985	-0.07195736832346179	-0.1524972684485002	-0.23152922496295025	-0.30865935705466696	-0.3832907333050663	-0.4545429029889483	-0.5210878388407566	-0.5805090166094713	-0.6279051090011285	-0.6552620881524872	-0.6616771520996517	-0.6625452517799302	-0.6626589946268807	-0.6626679271200897	-0.6626589533087159	-0.6625452142039566	-0.6616811989640575	-0.6553521268198461	-0.6282067371879382	-0.5809131645503748	-0.5214341701872527	-0.45476702399403474	-0.383407608249536	-0.30870295657117575	-0.2315255525683168	-0.15246251354338522	-0.07190171914591025	0.009893369506777406	0.09273348796127952	0.17647737478173361	0.26101780317505546	0.34627285205330394	0.4321798825322083	0.5186905194365086	0.6057658566830602	0.6933721980348772	0.781478305406198	0.8700547023609931	0.9590744260619464	1.0485138715402713	1.1383527348450049	1.2285730968666653	1.3191583837469576	1.4100928027422581	1.501361272234477	1.5929495001951337	1.6848439467917302	1.777031674616891	1.8695002228551252	1.96223757887169	2.05523220925912	2.148473080493469	2.2419496438971622	2.335651806104509	2.4295699104812187	2.523694731987466	2.618017472153115	2.712529744674041	2.8072235536972436	2.9020912717038287	2.9971256201447143	3.092319650930125	3.187666726189453	3.2831604966667776	3.37879488179793	3.4745640546598042	3.5704624332046726	3.6664846771598114	3.7626256886206537	3.858880613729601	3.9552448427638147	4.05171400648304	4.148283967693454	4.244950808340017	4.341710813536776	4.438560454427932	4.53549637163764	4.632515360560973	4.729614359146879	4.826790438288652	4.924040794523602	5.021362744467739	5.1187537202901705	5.216211265571517	5.313733031063069	5.411316770105868	5.508960333707808	5.606661665449227	5.704418796444971	5.8022298405337995	5.900092989848858	5.998006511164337	6.095968743368497	6.193978094400265	6.292033033758352	6.39013208616464	6.488273854382773	6.586457065092669	6.684680464764336	6.782942423919751	6.881241129100343	6.979577132421007	7.077954874637402	7.176368870284561	7.274779801563738	7.373173777056105	7.471770621296497	7.570872581498583	7.669427320160777	7.76454364745754	7.85991382832374	7.976901631518567	8.112946809003164	8.153371599311937
8.137405473156429	8.096866143900987	7.960582756450992	7.843464455999132	7.747957431723688	7.652673744812848	7.553949828164173	7.454682881323094	7.355918443519693	7.257352021655827	7.158764914057869	7.060171567898506	6.961611053107637	6.8630885976139755	6.764599661656764	6.666143618461349	6.567722175392281	6.469336841179969	6.370988747099679	6.272679040988559	6.174408987982194	6.076179924125052	5.977993234169238	5.879850358445939	5.781752800826704	5.68370213229391	5.585699993906649	5.487748100703733	5.389848246144664	5.292002306690192	5.1942122463853595	5.096480121312903	4.998808083759904	4.901198386031911	4.803653384039259	4.706175541003714	4.608767431818381	4.511431748676559	4.414171308536278	4.316989062823336	4.219888109540162	4.1228717076661106	4.025943293394353	3.929106497343403	3.8323651614813614	3.735723354277839	3.639185382713735	3.5427558002420607	3.446439410460292	3.350241267011108	3.254166671114571	3.1582211691420237	3.0624105533303236	2.966740868322357	2.8712184244771883	2.7758498169890258	2.6806419496196026	2.5856020634120327	2.49073777125843	2.396057095592748	2.3015685007828934	2.207280911697878	2.113203720226524	2.019346793839789	1.9257204971159683	1.8323357142041508	1.739203843152367	1.6463367563363236	1.553746776399032	1.4614467345632656	1.3694500988899745	1.2777710446881303	1.1864243593919084	1.095425310660935	1.00478984689048	0.914535366274005	0.8246817152654884	0.735251587256601	0.646269773189279	0.5577617543635706	0.4697529930833607	0.382270035865608	0.29534335580554427	0.2090108826665287	0.12332130536061653	0.038337209717625984	-0.04586096567212212	-0.12916876931565463	-0.2114478187861938	-0.29250527406820387	-0.3720500861422617	-0.4496369751842744	-0.5246509179375807	-0.5962392247008291	-0.66251919099389	-0.7182337637934729	-0.7527510440304799	-0.7614349904815404	-0.7624911880089857	-0.7626224668012134	-0.7626325244191744	-0.7626223582153135	-0.7624910505331027	-0.7614432130718657	-0.7529534277254226	-0.7187356186026146	-0.6630253062302403	-0.596579255324679	-0.5248258753565861	-0.449705509725349	-0.37205812519184944	-0.2924776178205145	-0.2113975090414646	-0.12910373320754318	-0.04578657473324394	0.0384171538456792	0.12340403820152585	0.20909442605093456	0.29542633033244003	0.3823514866250798	0.46983227805430894	0.5578384656005346	0.6463436712759374	0.7353225451022904	0.824749676276963	0.9146003199592362	1.0048518169774128	1.0954843468763882	1.186480528126788	1.2778244203629883	1.3695007597506534	1.4614947632934776	1.5537922624385994	1.6463797970488578	1.7392445439747863	1.8323741901049666	1.9257568771656743	2.01938122833442	2.1132363875818916	2.2073120214661337	2.301598289742744	2.3960858155477722	2.4907656695135416	2.5856293593444932	2.680668812554724	2.7758763509649578	2.8712446640909546	2.966766787021284	3.062436082158898	3.158246221195055	3.254191165686321	3.350265148028157	3.4464626559410605	3.5427784223980012	3.6392074208608456	3.7357448641552744	3.8323862046019337	3.929127132924793	4.0259635738823025	4.12289167751122	4.219907806119827	4.317008518262919	4.4141905514846025	4.511450805554536	4.6087863274656575	4.706194298890349	4.803672026281969	4.90121693340804	4.99882655581095	5.096498536526007	5.194230622368179	5.292020660224989	5.389866593018204	5.487766455248952	5.585718368246144	5.683720535333598	5.781771237104801	5.8798688269925234	5.978011727566816	6.07619842796704	6.174427480889963	6.272697495264876	6.371007129983511	6.469355116551001	6.567740305662349	6.66616156630687	6.764617391371379	6.863106076412203	6.961628252885088	7.060188465462868	7.158781484893338	7.257368235142845	7.3559342994257255	7.454698479058091	7.553965210679523	7.652688317284965	7.747970384901614	7.843478798809273	7.9606063669127485	8.09688645099768	8.137405473156429
8.122346149873811	8.081721901352642	7.945220416188259	7.827968760904021	7.732329988954225	7.636889378748633	7.53800615564896	7.4385831343271605	7.339660105574963	7.2409305697160455	7.1421767882185465	7.043413689315476	6.944680109984708	6.845981036204101	6.747311828765008	6.648671783065839	6.550062500003166	6.451485368733456	6.352941400118201	6.254431619502537	6.1559571646072255	6.05751923868465	5.959119088608309	5.860758011720773	5.762437363582712	5.664158561357699	5.565923086628626	5.467732489144723	5.369588391080506	5.271492491394529	5.173446570130603	5.075452492514332	4.977512212694157	4.879627777097324	4.781801327587713	4.684035104844724	4.586331452548556	4.488692822996116	4.391121784669208	4.293621032073274	4.196193397921201	4.0988418674796785	4.001569594604067	3.9043799186480843	3.807276381115798	3.710262740770075	3.6133429860277864	3.516521343818755	3.4198022845538034	3.3231905234531443	3.2266910193763767	3.1303089733882734	3.0340498299479015	2.9379192830212264	2.8419232877446925	2.746068077110308	2.650360184023401	2.5548064708930984	2.459414167884223	2.3641909151771587	2.26914479886433	2.1742843731888164	2.079618674785705	1.9851572435209925	1.8909101529876722	1.7968880285294202	1.703102027194503	1.609563796563871	1.5162854803603294	1.4232798154439779	1.3305602474285019	1.2381409087685522	1.1460364286307223	1.0542618418037184	0.962832987001638	0.8717674081698802	0.7810851058842521	0.6908082709363449	0.6009598598896468	0.5115620297922584	0.42263586974537626	0.3342030113488659	0.24628836364941606	0.15892270100902625	0.0721445075251924	-0.013998488431694961	-0.09944676828738308	-0.18412486020097105	-0.2679356031899215	-0.35074500586757035	-0.4323423981575521	-0.5123969512660538	-0.590515544785327	-0.6663688090636142	-0.7390076157961232	-0.8037409614617176	-0.8481477637036938	-0.8610360504400421	-0.8624199591050087	-0.8625787798177958	-0.8625913269384684	-0.862579181481824	-0.8624223511216239	-0.8610729972979445	-0.8485669910858212	-0.8044525573618728	-0.7395392205898058	-0.6666344734310842	-0.5906131493151365	-0.5124134157560066	-0.4323190561985288	-0.35069858477065075	-0.26787447960300426	-0.1840546047632091	-0.09937133985168584	-0.013920631243908228	0.07222286806350793	0.15900019887905	0.2463640810331289	0.33427635900885083	0.42270648818195	0.5116297245581649	0.6010245509991242	0.6908699479642368	0.781143792534608	0.8718231426026769	0.9628858171474373	1.054311827375576	1.1460836417928173	1.2381854319175472	1.330602171354376	1.4233192400421266	1.51632251635141	1.6095985656078269	1.7031346603285054	1.7969186657211806	1.890938946641619	1.9851843659981265	2.07964432670958	2.174308787687705	2.269168237606139	2.3642136544877728	2.4594364763671805	2.554828582815746	2.650382274497408	2.7460902452089186	2.8419455520207983	2.9379415908293947	3.034072078422733	3.1303310369835713	3.2267127774446567	3.3232118818636827	3.4198231875648495	3.516541775501638	3.6133629633882287	3.710282302410123	3.8072955754579594	3.9043987946623417	4.001588196317818	4.098860232038716	4.196211556071474	4.293639009735369	4.391139604577292	4.4887105058635735	4.586349017655202	4.684052570197094	4.781818709882285	4.87964509167517	4.977529473583169	5.075469712562467	5.173463761168077	5.271509664332681	5.3696055558566975	5.467749654446261	5.565940259364934	5.664175745892559	5.762454560785743	5.860775217947614	5.959136294766029	6.057536429568874	6.155974318692195	6.254448709313177	6.352958393220163	6.451502229261288	6.550079190517048	6.648688266410802	6.747328069676057	6.845997002868227	6.944695775936976	7.043429033853163	7.14219179086174	7.240945205667981	7.339674377893996	7.438597136127624	7.538019931887927	7.636902404505881	7.732341538448128	7.827981517803722	7.945241460895213	8.081740065454152	8.122346149873811
8.108198101754544	8.0674961241277	7.93079321242437	7.813415812183559	7.717652154796599	7.622063508321335	7.52303019781641	7.423460033858194	7.324387408649148	7.22550398909109	7.126592947789919	7.027669652796179	6.928772715799288	6.829906893613973	6.731067451177865	6.632253607063029	6.5334668580443545	6.434708476735045	6.335979356408153	6.237280402527019	6.1386126279784285	6.039977105811188	5.941374947575517	5.8428073101084586	5.744275403035769	5.645780491928332	5.5473239009179895	5.448907016232653	5.350531290215103	5.252198245403292	5.1539094785014985	5.055666664089175	4.957471557930969	4.859325999897299	4.761231916738937	4.663191325189712	4.565206336010766	4.467279159581119	4.3694121134863675	4.271607632322325	4.173868279687459	4.076196762113913	3.978595944455796	3.8810688660001023	3.783618756350486	3.6862490500618526	3.588963399108619	3.491765682474063	3.39466001240693	3.297650737359264	3.2007424425055997	3.103939949838508	3.0072483203243823	2.9106728598115312	2.81421912895891	2.7178929572856507	2.6217004633913317	2.5256480850133785	2.4297426197182292	2.33399126962381	2.2384016790305314	2.1429819603718356	2.047740717558869	1.9526870787629946	1.8578307316984786	1.7631819329868088	1.6687514782515187	1.5745506758253451	1.4805913984591108	1.386886217024212	1.2934484864949276	1.2002922394084397	1.1074319724741968	1.0148827019546807	0.9226605875472562	0.830783830562941	0.7392729623746525	0.6481498493980626	0.5574358363501806	0.46715043865739747	0.37731177793258064	0.28793863173211526	0.19905283078063032	0.11068083787462295	0.022854370898389386	-0.06438912782392281	-0.1510045545676466	-0.23693655895556417	-0.322117750556665	-0.4064585618975155	-0.4898082574857724	-0.5719075519994525	-0.6524866739123927	-0.7316113305780867	-0.8094153795058863	-0.8828321946587397	-0.9394670203452207	-0.9601377293010341	-0.962323795308683	-0.9625192106358732	-0.9625366346534374	-0.9625203107050836	-0.9623273781545092	-0.9602551063322121	-0.940264006408694	-0.8836810978690144	-0.8098546240387643	-0.7317505304317096	-0.6525039526067771	-0.5718830633557506	-0.4897638318190852	-0.4064008337169925	-0.32205148218982377	-0.236865696781461	-0.15093189081549102	-0.06431647839173703	0.022925827499907132	0.11075029783638675	0.19911976476392013	0.2880027356474021	0.37737289703331417	0.46720851747510916	0.5574908846413569	0.6482019131024697	0.7393220997507941	0.8308300995654726	0.9227040465539598	1.0149234179068882	1.107470027811602	1.2003277339946654	1.2934815365998507	1.3869169542941524	1.480619968763983	1.5745772361770611	1.6687761920155744	1.7632049667384202	1.857852257491604	1.9527072824186156	2.047759809240664	2.143000181251279	2.2384192985863898	2.3340085713562972	2.4297598770978808	2.525665532795188	2.6217182711008395	2.7179112114276625	2.8142378284843232	2.910691926157146	3.007267619760661	3.103959322895927	3.200761733753341	3.297669819226188	3.3946787988990956	3.491784131785709	3.588981507142331	3.6862668387839204	3.7836362612468797	3.881086125868824	3.978612995054024	4.076213633553159	4.173884996464305	4.271624214612141	4.36942857861308	4.467295523079989	4.565222612151523	4.663207527093994	4.7612480563076	4.859342087725311	4.957487603303105	5.055682675068359	5.153925462065674	5.252214207559981	5.350547236019834	5.448922949649912	5.547339824484701	5.645796406207691	5.74429130588481	5.8428231958274415	5.9413908060577825	6.039992921855848	6.138628380946141	6.237296066494198	6.335994900905039	6.434723868047885	6.533482060927852	6.632268586573702	6.731082174364198	6.829921331188457	6.928786844066678	7.02768345418548	7.126606405960335	7.225517084673863	7.32440014745094	7.4234725023675	7.523042441530391	7.6220750664771355	7.717662380233935	7.813427083465471	7.930811851656209	8.067512268223265	8.108198101754544
8.094965324201471	8.05419293545853	7.9173055651218975	7.799810180664991	7.703928663253531	7.608201065754049	7.509027084393293	7.409318909103114	7.310105892615796	7.21107804132997	7.11201938547831	7.012945692424427	6.9138953573685535	6.814872921401081	6.7158735577371225	6.616896409786014	6.517942873288035	6.419014108113534	6.320110893582246	6.221234018749868	6.122384375166458	6.02356290922942	5.924770600730829	5.826008469543699	5.72727758284643	5.628579058013719	5.5299140649867375	5.431283829546355	5.33268963704	5.234132836134715	5.135614842420477	5.037137141713843	4.9387012929461696	4.840308930684326	4.741961767573603	4.643661597211917	4.545410298070586	4.447209839021447	4.349062286833955	4.250969815749938	4.152934719010313	4.054959422023183	3.9570464966992187	3.85919867632527	3.7614188702480726	3.6637101776486913	3.566075899766145	3.468519549977526	3.3710448612043673	3.273655790475458	3.1763565213501046	3.0791514659134354	2.982045268272381	2.8850428105027235	2.7881492210032994	2.691369886153548	2.5947104689521794	2.49817693925927	2.401775615512616	2.305513209673598	2.2093968649505875	2.11343418544442	2.017633268834932	1.9220027484931406	1.8265518276378012	1.7312902764847418	1.6362283985013932	1.541377032089541	1.4467476528159504	1.3523525280685627	1.2582047561923586	1.1643181014652215	1.0707068447814339	0.9773860723023079	0.8843725042171784	0.7916852364127143	0.6993454191309936	0.6073745903865055	0.5157926762744833	0.4246172422977658	0.33386468774720035	0.24355253549604777	0.15370130274598545	0.06433514352895571	-0.024518508052631987	-0.11282881903816203	-0.20055963975111343	-0.2876681098623538	-0.37410619189766536	-0.4598163911309916	-0.544694817736176	-0.6285264727191086	-0.7110656706957399	-0.7925283208010022	-0.8739147679041591	-0.954416339905867	-1.0236497644843014	-1.0579614271799982	-1.062225768328964	-1.0624296394157724	-1.0624455480047879	-1.062427382020818	-1.0622162232270596	-1.0582394119630218	-1.0249793256870126	-0.9552699672183599	-0.8741624311343937	-0.7925314451941973	-0.7110237646898871	-0.6284797944966202	-0.5446407783898128	-0.4597546177053284	-0.3740401507471222	-0.28760091417268596	-0.20049311052549276	-0.11276396547472428	-0.02445591606197027	0.06439510838201969	0.1537584007677125	0.24360664343373867	0.33391576849657173	0.4246653077781808	0.5158377684455511	0.6074167696254302	0.6993847551015697	0.7917218032819188	0.8844063824303603	0.9774173548515195	1.0707356430844541	1.1643445478112402	1.258229003267434	1.3523747469854115	1.4467680292989185	1.5413957596647099	1.6362456698329237	1.7313062772381738	1.8265667376412869	1.9220167512627337	2.017646565183121	2.1134470036135213	2.209409460450702	2.305525851992085	2.401788563805904	2.498190412916639	2.5947246204854766	2.691384783194921	2.788164841836225	2.8850590542567325	2.98206197746588	3.0791684562196617	3.176373611993022	3.2736728289627774	3.3710617381005488	3.468536202457454	3.5660923057305864	3.6637263442199806	3.7614348209596784	3.8592144403961464	3.9570621020893184	4.054974892295551	4.152950072948474	4.250985068361983	4.349077450632872	4.447224924971338	4.545425316043658	4.6436765560713855	4.741976675080425	4.840323793390326	4.938716116158863	5.037151929547681	5.135629597903748	5.234147561320409	5.332704333064962	5.431298496588385	5.529928702079436	5.628593662693766	5.727292150631303	5.826022993273586	5.9247850698559175	6.023577309173107	6.122398686927871	6.221248218906526	6.320124954807021	6.419028000231956	6.517956564774572	6.616909869456217	6.715886756385667	6.814885833454679	6.913907962750429	7.0129579771386545	7.112031337304644	7.211089645876175	7.310117157893328	7.409329914724307	7.509037875134215	7.608211239470842	7.703937646470748	7.79982006715651	7.917321960149277	8.05420718518282	8.094965324201471
8.082651293899524	8.041815926400467	7.904761331555518	7.787155862919805	7.691163663378316	7.595306384058383	7.496001331522704	7.396164461714362	7.296820455504405	7.1976578313349675	7.0984614221913915	6.999247354993856	6.900053818330299	6.800885151628388	6.70173644104689	6.602606757162345	6.503497398514008	6.404409416809201	6.305343481871331	6.206300270698951	6.107280557931803	6.008285167846149	5.9093149530688125	5.810370801132142	5.711453641396934	5.612564447648003	5.513704240181217	5.414874088772736	5.316075116070635	5.2173085009817495	5.118575481880969	5.019877359504784	4.921215499438447	4.822591334279496	4.724006365799714	4.625462167627104	4.526960389039327	4.428502760362095	4.330091100237756	4.231727324764687	4.133413458292813	4.035151645518148	3.9369441644255643	3.8387934395762007	3.74070205525309	3.642672768057648	3.5447085185835503	3.4468124416881065	3.3489878747815998	3.251238363850502	3.15356766778155	3.0559797623917633	2.9584788454462565	2.8610693428448593	2.763755915746353	2.6665434704232234	2.5694371758638552	2.472442493978554	2.3755652208745284	2.2788115299352953	2.1821880083763245	2.0857016906100827	1.9893600996274046	1.8931712945997325	1.79714389825177	1.7012870807123692	1.6056105295821168	1.5101244881593583	1.4148399013548076	1.3197685666782462	1.2249231133949445	1.1303168154989134	1.035963582441979	0.9418785178962211	0.8480788811730591	0.7545845431958846	0.6614170362961632	0.5685974123729699	0.4761443943499219	0.3840743209100384	0.2924029533571091	0.2011477412889384	0.11032906003314537	0.019970039987856174	-0.06990443960922854	-0.15926735899412633	-0.24808746135823675	-0.3363284883948289	-0.42395291692408626	-0.5109245691892087	-0.5971789735144702	-0.6825407016179409	-0.766736412506506	-0.8498912019745082	-0.9333628200852786	-1.0184333045159795	-1.0987417212741035	-1.151467852592051	-1.1620842597041505	-1.1623636873688783	-1.1623347397037258	-1.1623496102707878	-1.162114428575468	-1.152287868297377	-1.1002984141184304	-1.0190822965821165	-0.9333947121630805	-0.8497971038510704	-0.7666683353708686	-0.682489148265576	-0.5971241644131341	-0.5108645287933438	-0.42389158305228525	-0.33626845085191287	-0.24802967202843912	-0.15921217226403114	-0.06985203920586266	0.020019563337843174	0.11037564670837828	0.2011913564355075	0.2924436063054591	0.3841120443206253	0.4761792367019456	0.5686294411835301	0.6614463422714004	0.7546112400748606	0.848103101503423	0.9419004081565084	1.0359833005856494	1.1303345317027966	1.2249390125182633	1.3197828494318085	1.4148527809271236	1.5101361809770972	1.6056212428859986	1.7012970032190413	1.7971532000742	1.8931801379818995	1.9893686556844583	2.085710153301391	2.1821965976715063	2.278820480721884	2.375574759835151	2.4724528108270927	2.569448396781143	2.6665556404863553	2.763768994514511	2.861083214000032	2.958493338217457	3.0559946799814743	3.1535828166646924	3.2512535779972884	3.349003030582594	3.4468274621348316	3.544723368163157	3.6426874418820425	3.7407165665709172	3.8388078090470668	3.9369584129463884	4.035165790752855	4.133427513956863	4.2317413013541385	4.3301050061118636	4.428516602565072	4.526974173691392	4.625475899980792	4.72402005013905	4.82260497380671	4.92122909622252	5.019890914505559	5.1185889950272525	5.217321971267575	5.316088541631359	5.41488746690419	5.513717567267575	5.612577718968668	5.711466850794774	5.810383940550572	5.90932801200521	6.008298132817439	6.107293412088635	6.20631299373867	6.305356050374527	6.404421805056694	6.503509579728101	6.602618704979031	6.701748130997931	6.8008965626707125	6.900064934564862	6.9992581662416775	7.098471920217977	7.1976680062303835	7.29683031695809	7.396174082303882	7.496010754255703	7.595315260124023	7.691171488028061	7.787164465454526	7.9047756434622105	8.041828408880445	8.082651293899524
8.071258923305937	8.030368108776273	7.893163755920825	7.775456229612735	7.6793606661990275	7.583383141994869	7.483956784740379	7.384000706844434	7.28453529251052	7.185247744218134	7.0859236416148885	6.986579432180826	6.887253108784989	6.787948823843579	6.68866158165093	6.589390382940842	6.49013643362586	6.390900682606111	6.2916836954851725	6.192486042428831	6.09330838651982	5.99415143542119	5.895015920218257	5.79590260181607	5.696812277544277	5.597745783435916	5.498703996002862	5.399687834868603	5.300698265791673	5.201736303658802	5.102803015286037	5.0038995219084965	4.905027001295224	4.806186689600022	4.707379883286468	4.608607941638085	4.5098722903980235	4.411174426950124	4.3125159272064835	4.213898454106556	4.115323767442888	4.016793734629084	3.9183103419987115	3.819875706268085	3.7214920859179688	3.6231618923790907	3.5248877008815107	3.4266722605802467	3.328518503357002	3.2304295509740455	3.1324087210720486	3.0344595331071265	2.9365857148378085	2.838791208846796	2.7410801788524735	2.6434570185100603	2.5459263685933884	2.4484931468729676	2.3511625874730715	2.253940280282664	2.1568322054968903	2.0598447706726213	1.9629848594438797	1.8662598804647863	1.7696777840275022	1.673247034858567	1.5769765950070724	1.4808760030159462	1.3849555496432275	1.2892263997200926	1.193700507243997	1.0983904461638914	1.0033095875058817	0.9084729000617419	0.813897922132997	0.7196048366784505	0.6256149947700257	0.531948605311591	0.438623318385812	0.3456548656886893	0.25305921374759616	0.16085454683738387	0.06906185327251262	-0.02229597981315614	-0.1131952754230582	-0.20361073579698166	-0.29351332881804953	-0.3828693825747284	-0.47164515730808765	-0.5598160028503187	-0.647349959092767	-0.7341199989856552	-0.8198332770535781	-0.9043916578077293	-0.9889639116940238	-1.0761027415194107	-1.164212769691831	-1.2356108239858057	-1.2610007361581104	-1.2625156537615883	-1.2624164734565166	-1.2624913180718427	-1.261270823443255	-1.2373310375088007	-1.165500639866025	-1.0763710609125885	-0.988829879292909	-0.9042645385086485	-0.8197692106540364	-0.7340740820522302	-0.6472994799477398	-0.5597618543176025	-0.471591996725303	-0.3828190750470076	-0.29346605890644145	-0.20356642258299107	-0.11315389618395062	-0.022257506447459875	0.0690974464600553	0.16088726432992195	0.25308907814166537	0.3456819247132465	0.4386476425252055	0.5319702985330707	0.6256342044776663	0.7196217506205145	0.8139127512739109	0.9084858574563264	1.0033208753721754	1.0984002563669777	1.1937090310834308	1.2892338377359294	1.384962113161037	1.480881904840983	1.5769820337765104	1.6732521821066646	1.7696827821485042	1.8662648537945652	1.9629899332479264	2.059850088365153	2.1568379351753384	2.253946606611878	2.3511696910469655	2.448501177541788	2.545935420592755	2.643467113931584	2.741091263235133	2.8388031595602508	2.9365983601468324	3.0344726776954296	3.1324221726417303	3.2304431426028937	3.328532107682432	3.426685794261591	3.5249011204193734	3.623175184350218	3.721505255406481	3.8198887666895383	3.918323308102458	4.016806618936351	4.115336579309012	4.213911200208696	4.31252861243072	4.41118705508609	4.509884864466026	4.608620463926016	4.707392355251812	4.80619911176221	4.905039373180123	5.003911842055597	5.102815281302488	5.201748512296836	5.300710413026185	5.399699915951941	5.49871600547178	5.597757715043015	5.696824124088762	5.795914354863212	5.895027569727094	5.99416296934257	6.093319790469064	6.192497299561517	6.2916947866969295	6.390911587129888	6.49014713000645	6.589400850241699	6.688671800709849	6.787958778601756	6.887262787796868	6.986588829130264	7.0859327520103115	7.1852565621071465	7.284543828763401	7.384009026942472	7.4839649290904955	7.583390810120951	7.679367417160461	7.775463648381062	7.89317614435625	8.030378951430142	8.071258923305937
8.060790512159672	8.019851864913099	7.882515415397702	7.764713970384504	7.668522488228312	7.572434305447857	7.472896558064681	7.372830909980984	7.273253830520293	7.173851377402415	7.07440981976227	6.9749458874094845	6.8754973893407	6.776068306165269	6.676653566014335	6.577252103411938	6.477865036940156	6.378493218806006	6.279137116471809	6.179797199350545	6.080474025229825	5.981168191628223	5.881880314730229	5.782611035606959	5.683361026494834	5.584130992745428	5.484921674270978	5.385733847819193	5.286568329607474	5.187425977907304	5.088307695434945	4.989214431453106	4.890147183546723	4.791106999203077	4.692094977533408	4.593112271614787	4.494160091930345	4.395239711229584	4.296352470880066	4.197499788539148	4.098683166815368	3.99990420253031	3.901164596223662	3.802466161672247	3.7038108354000845	3.605200686312466	3.5066379254931914	3.408124915840849	3.3096641809507	3.211258412947236	3.112910479738242	3.0146234324885146	2.9164005132905153	2.8182451619714732	2.720161021961423	2.6221519487404685	2.524222027060034	2.4263756000083436	2.3286173049928083	2.230952108019991	2.133385335679036	2.035922715583284	1.9385704303819353	1.8413351641036562	1.7442241062209187	1.647244918465693	1.5504057395779125	1.453715305838785	1.3571831399469592	1.2608196244737964	1.1646358618282593	1.0686435641147138	0.972855433767085	0.8772861268703874	0.7819530816336138	0.6868761404054441	0.5920757050465452	0.4975705887286277	0.40337726976626304	0.30951116911690263	0.21598888287045692	0.12282969575071705	0.03005555876457845	-0.062310365353282	-0.1542444435726652	-0.24572153187917917	-0.33671313425333277	-0.427185860008896	-0.5171055073823361	-0.6064504255294523	-0.6952109411838677	-0.7833150523568149	-0.8704958624385124	-0.9564450642762076	-1.0418062532907995	-1.1293074543177628	-1.2209138555216181	-1.306544483478437	-1.355496978161587	-1.3631561248588573	-1.363134908596999	-1.363163765405144	-1.3565670975351798	-1.3087532008249065	-1.2217126581292288	-1.1292110115015626	-1.0415941669019468	-0.9563393529503827	-0.8704528980818381	-0.7832784066484643	-0.6951673423027104	-0.6064052163843736	-0.5170630969587416	-0.4271470426260445	-0.3366775248189198	-0.24568886888789473	-0.15421465577344873	-0.062283403717940035	0.03007975860894298	0.1228511788606563	0.21600770098729175	0.3095274154571413	0.4033910769537231	0.49758213807616725	0.5920852320576351	0.6868839209533001	0.7819594000819228	0.8772912422379511	0.972859561597381	1.068646880937027	1.164638525484866	1.2608217957426444	1.357184992119707	1.4537170175281107	1.550407476642164	1.6472468171670327	1.744226268220657	1.841337666392383	1.938573344781007	2.03592612772706	2.1333893542049123	2.230956859692805	2.3286229175682323	2.426382178939857	2.52422963340725	2.6221605842698845	2.720170624741899	2.818255612954102	2.916411652044699	3.0146350786011697	3.11292245544193	3.2112705625034867	3.30967638332541	3.4081370891145926	3.506650023687438	3.605212691113237	3.7038227460284876	3.80247798576245	3.9011763433912092	3.999915880964248	4.098694782241617	4.197511344513074	4.296363969489069	4.395251153662592	4.494171478744394	4.593123602758646	4.692106252260048	4.791118215976137	4.890158339990163	4.9892255243504176	5.088318720765517	5.187436930905418	5.286579204832763	5.385744639228128	5.484932375274873	5.584141596233325	5.683371524795008	5.782621420365649	5.881890576705868	5.981178320433118	6.080484009090348	6.179807024986274	6.2791467691999365	6.3785026829491205	6.477874296542993	6.577261143165866	6.676662372247212	6.776076867921301	6.8755056996385395	6.974953943659107	7.074417620875367	7.1738589208398995	7.273261127874836	7.372838019672845	7.4729035172765705	7.572440857353621	7.668528250868594	7.7647203042027275	7.882526037308159	8.019861194241523	8.060790512159672
8.05124769950011	8.010268897413374	7.872818165196773	7.754931037402157	7.658651193716659	7.562462067524958	7.4628229715694925	7.362657521895078	7.26297866036218	7.16347147008994	7.063922851546968	6.964349779390493	6.864789891470969	6.7652470123105415	6.6657160000657765	6.566195727298457	6.466687231245434	6.367191274260197	6.267708232511327	6.168238481560033	6.068782481034058	5.969340725702547	5.869913724474014	5.770502006428591	5.671106126771145	5.571726668449708	5.4723642432635415	5.373019493770332	5.273693095523013	5.174385759243152	5.075098232810149	4.975831302997914	4.876585796946264	4.7773625835067435	4.678162574782683	4.578986728291454	4.479836050147282	4.380711599494442	4.2816144941811825	4.182545917451007	4.0835071253033375	3.98449945415255	3.885524328493314	3.786583268472783	3.6876778975336015	3.588809950448098	3.4899812818970726	3.3911938753011612	3.292449851341714	3.1937514759604575	3.0951011683270466	2.9965015092993945	2.8979552498058117	2.7994653177365874	2.701034823595354	2.6026670690709612	2.504365564442436	2.4061340561141145	2.3079765578617604	2.209897378895178	2.1119011529022576	2.0139928810933028	1.916177988813393	1.8184623657609145	1.7208523575631378	1.623354732954163	1.5259767171891838	1.4287261495094887	1.3316116677770014	1.2346427234776864	1.1378294090010292	1.0411824496027418	0.9447137880393511	0.8484376144631232	0.7523709050036268	0.6565325376871677	0.5609412204363421	0.46561375472317607	0.3705651052401873	0.2758102388026145	0.18136625384171703	0.08725334826870179	-0.006505758509240728	-0.09988737678762327	-0.19286709307341926	-0.28541883712528887	-0.37751346960662036	-0.4691168382474497	-0.5601924716831754	-0.6507154785997099	-0.7406849813433856	-0.8300775913757459	-0.9186995406862819	-1.0061498038171728	-1.092494115565248	-1.1797345491605593	-1.271445026023728	-1.3649502777294564	-1.4387064247985857	-1.4628416482706321	-1.4642820217058288	-1.4631781876861287	-1.4410037385714936	-1.3668907558270156	-1.2716872443337257	-1.1794306890170498	-1.0922946697799978	-1.0060916971998028	-0.918679835282527	-0.8300500032342498	-0.7406501564139533	-0.6506817040844408	-0.5601626814730943	-0.4690906749113418	-0.37749027301928273	-0.28539837116164335	-0.19284930927202212	-0.09987221250795293	-0.0064930991684626505	0.0872636226995527	0.1813742672201048	0.2758161592072029	0.3705691480949995	0.4656161860849434	0.5609423519743615	0.6565327001434424	0.7523704073858137	0.8484367083981157	0.9447126535616404	1.0411812066959112	1.1378281469611347	1.2346415322545499	1.3316106552251852	1.4287254373752205	1.5259764218181802	1.623354945037577	1.7208531336515311	1.8184637355707791	1.916179973191623	2.0139955107971703	2.1119044792129973	2.2099014717707406	2.307981492931165	2.406139895768629	2.5043723394340835	2.602674765780032	2.701043379725646	2.79947462681095	2.897965173020349	2.996511892074502	3.095111858176431	3.193762338168452	3.2924607795758303	3.3912047956832168	3.489992150838934	3.5888207481037777	3.687688619480491	3.7865939180316563	3.885534911182341	3.984509974648641	4.083517586424619	4.1825563203057	4.281624838703418	4.380721884894798	4.479846275123369	4.578996891043127	4.678172672939839	4.777372614054916	4.876595756187401	4.975841186548586	5.075108035626692	5.174395475665365	5.273702719333982	5.373029018272159	5.472373661364566	5.571735972749664	5.671115309621316	5.7705110599410165	5.869922640463254	5.9693494955671165	6.068791095617333	6.168246931060612	6.267716506527925	6.367199362044393	6.466695122184204	6.566203411562279	6.6657234693203655	6.765254260524862	6.864796915901867	6.9643565808746475	7.0639294319768755	7.1634778297864825	7.262984811226332	7.362663515412856	7.4628288412720485	7.562467595881848	7.658656053061887	7.754936382947597	7.872827173589695	8.010276837826392	8.05124769950011
8.042631423741012	8.001620186461258	7.864073089464325	7.746108593366545	7.649748040853306	7.553467792605718	7.453737492865421	7.353482117206288	7.253711472231306	7.154109835442925	7.054464679635663	6.954793187519403	6.8551328392993955	6.755487319599216	6.655851423251603	6.556223965680072	6.456605909403145	6.356997934437275	6.257400333224526	6.157813395145302	6.058237489623348	5.958673016946527	5.859120387303342	5.759580026622781	5.660052382211177	5.560537924046519	5.461037145552511	5.361550565140866	5.26207872805557	5.162622208145606	5.063181609471682	4.963757567706405	4.864350751335231	4.764961862797491	4.665591639855922	4.566240857558037	4.466910331100653	4.367600919739871	4.2683135316734795	4.169049129646639	4.069808736942856	3.9705934434282817	3.871404411429015	3.772242881455511	3.673110178079994	3.5740077164064394	3.4749370093354788	3.3758996753355315	3.2768974462059157	3.177932174742037	3.0790058428314007	2.9801205702619096	2.881278623236201	2.7824824210262764	2.683734541447265	2.585037729720385	2.4863949158448175	2.3878092397225523	2.2892840765386513	2.190823057950832	2.092430097892211	1.994109436908344	1.8958656981918078	1.7977039187036572	1.6996295295453498	1.6016483292756236	1.503766548409801	1.4059910337051256	1.3083294110572132	1.2107900407243002	1.1133818437906975	1.01611443737155	0.9189989157721081	0.8220488638469066	0.7252805053200823	0.6287112957443588	0.5323577169537805	0.4362340629476874	0.3403533368295002	0.24472956211933977	0.1493797316723146	0.054324248751771026	-0.04041411891086064	-0.13481141935168464	-0.22884229544904003	-0.3224792787647311	-0.41569184166286477	-0.5084447994473513	-0.6006995210570722	-0.6924248395087576	-0.7836153383365312	-0.8742764787171161	-0.9643090573639675	-1.0533595815260761	-1.1410785282203157	-1.2283325524768602	-1.3185015182178188	-1.4145864058261401	-1.5062514879741844	-1.5568912428408228	-1.5631209391735785	-1.5581587817030507	-1.509073638403556	-1.4157526035979942	-1.3183167768086064	-1.2279929844216033	-1.1409518248272383	-1.0533495702018902	-0.9643059667021314	-0.8742572830861526	-0.7835915607052902	-0.6924045571223126	-0.6006835141789442	-0.5084318837549664	-0.4156813815201174	-0.32247114877861927	-0.22883644156326008	-0.13480770769922834	-0.0404123453921475	0.05432430503340721	0.14937827929503453	0.24472682447949828	0.34034957271487426	0.4362295678435859	0.5323528096951852	0.6287062849647257	0.7252756502029825	0.8220443478921585	0.9189948425470227	1.0161108474635672	1.11337874642491	1.210787447853149	1.3083273585208617	1.405989580213998	1.5037657568124607	1.6016482447151579	1.6996301681628925	1.797705271576999	1.8958677460559772	1.9941121668404789	2.092433513959558	2.1908271818297487	2.2892889388140985	2.387814865928985	2.4864013123492086	2.5850448735659795	2.6837423763347843	2.782490859746402	2.881287555559367	2.9801298744777394	3.079015398617366	3.1779418748377504	3.2769072046682464	3.375909431054718	3.4749467248011388	3.574017372956677	3.6731197695722115	3.7722524082530597	3.871413875949829	3.9706028476318744	4.069818081428548	4.169058413708588	4.268322753692006	4.3676100775230715	4.466919422044569	4.566249878657087	4.665600587648345	4.764970733312046	4.864359540066002	4.963766269614627	5.063190219005213	5.162630719271492	5.262087134309023	5.361558859697814	5.461045321329924	5.560545973825446	5.660060298765563	5.759587802828287	5.859128016200857	5.9586804917485265	6.058244803675754	6.157820541885119	6.257407306193955	6.357004727416257	6.4566125166904715	6.556230382488295	6.655857646150674	6.755493347053099	6.855138672375212	6.954798830043035	7.0544701359911945	7.154115108258313	7.253716573348693	7.353487091386409	7.453742369739145	7.553472389923945	7.649752080733373	7.746113044430849	7.864080632262565	8.0016268591859	8.042631423741012
8.034941900834013	7.993905965690725	7.856280470606423	7.738246975420744	7.641813441717036	7.545451973485159	7.445640691766353	7.345305346088046	7.245453003877503	7.145767305008206	7.0460362350315275	6.946277148515791	6.846527382130616	6.746790497187999	6.647061232280144	6.547338351047511	6.447622748497631	6.347915030438272	6.24821541380583	6.148524110172256	6.048841407462656	5.949167620551691	5.84950307032015	5.749848089305927	5.650203027042253	5.550568251044488	5.4509441472644244	5.351331121282452	5.25172959977679	5.152140031917623	5.052562890619134	4.952998673635468	4.853447904523083	4.753911133599663	4.654388939146132	4.554881929142319	4.455390743759427	4.3559160586736585	4.256458589084195	4.157019094185809	4.057598381792252	3.9581973128337475	3.8588168055811423	3.7594578397025407	3.660121460551412	3.560808784178674	3.4615210032625687	3.3622593936486713	3.263025321047031	3.163820247934477	3.0646457412350334	2.965503480848365	2.8663952677048825	2.767323029799909	2.6682888273520207	2.5692948618167635	2.470343492720367	2.3714372594929243	2.2725789002470105	2.173771365924295	2.0750178426326293	1.9763217956035168	1.8776870213946677	1.779117667726944	1.6806182045598892	1.5821934074063955	1.4838484501621925	1.385589101449073	1.2874218498241976	1.189353805004183	1.0913925573040282	0.993546485217172	0.8958257132377003	0.7982430460893879	0.7008136911075713	0.6035533704849108	0.5064760502767104	0.40959323309640366	0.31291556030429224	0.2164554796853029	0.1202290198970846	0.02425579586241045	-0.07144232412678425	-0.16684190840787733	-0.26191730715996664	-0.35663998729333557	-0.4509780389719724	-0.5448955922251281	-0.6383532166429575	-0.7313138283535519	-0.8237585317214269	-0.9156963703925892	-1.007110376624406	-1.0977908524763287	-1.1872243366250952	-1.2751913238159533	-1.3638044852196307	-1.4589614220610438	-1.5613691342243563	-1.6391886591818017	-1.6538788913203304	-1.6410213566292273	-1.5636791692384573	-1.4593542259957446	-1.3634207359964956	-1.274930866735636	-1.1871843192789333	-1.097814620558902	-1.0071166253146486	-0.9156863127724725	-0.8237480244387114	-0.731308065975689	-0.638351007779287	-0.5448954886465788	-0.4509796234396446	-0.3566432121050653	-0.2619220436202774	-0.1668479103080453	-0.07144929708739634	0.024248137749261867	0.120220910235338	0.2164471180801059	0.31290715712351125	0.4095850176955623	0.5064682560316087	0.6035462032522748	0.7008073003176554	0.7982375125408391	0.8958210536182364	0.9935426684133097	1.0913895297381437	1.1893515193987305	1.2874202852592869	1.3855882644083428	1.4838483584240507	1.5821940694512786	1.6806196072944621	1.7791197773154903	1.8776897938312265	1.9763251899565109	2.0750218305313344	2.173775933891936	2.272584045015547	2.371442979017302	2.4703497765062368	2.56930168353582	2.6682961413337862	2.7673307716888114	2.866403358737952	2.9655118347409175	3.0646542723218952	3.163828878963177	3.2630339890426185	3.362268052743274	3.4615296242431075	3.5608173514340185	3.660129967711056	3.759466285334618	3.8588251899150214	3.9582056358545357	4.057606642519597	4.1570272906778385	4.256466718709099	4.355924118355605	4.455398730094854	4.554889838408134	4.6543967672629645	4.75391887609909	4.853455556536858	4.953006229903303	5.052570345506542	5.152147379441402	5.251736833644576	5.351338234958154	5.450951134070237	5.550575104302251	5.650209740244409	5.749854656293683	5.849509485439795	5.949173878764086	6.048847504396646	6.148530042135668	6.248221177790122	6.347920624163641	6.447628170530412	6.547343600977128	6.647066310921907	6.746795406867831	6.846532127134034	6.946281735109232	7.0460406695514886	7.145771591845475	7.245457154494592	7.345309398798882	7.445644672211399	7.545455731025163	7.641816743949468	7.738250622232553	7.8562866896540235	7.99391148781203	8.034941900834013
8.028178629371554	7.987125728444277	7.849439795705925	7.731345695129071	7.63484695429234	7.538414218251786	7.4385322243580845	7.338126915580005	7.238203018309167	7.138443702276778	7.038637406328832	6.938801621276712	6.838973554741675	6.739156661592978	6.639345631653905	6.539539182615101	6.439738149687152	6.339943073127717	6.240154103157812	6.14037138252748	6.040595127027084	5.940825575891535	5.8410629708642405	5.741307561669735	5.641559611078476	5.541819395611349	5.442087205698473	5.342363346547301	5.24264813926606	5.142941921911857	5.043245050423124	4.943557899446202	4.843880863088484	4.744214355712426	4.644558812968886	4.544914693285355	4.445282479948874	4.345662683783134	4.24605584627861	4.146462542946872	4.046883386647454	3.9473190306757178	3.8477701715328676	3.7482375515509085	3.648721961817908	3.5492242458922156	3.44974530444722	3.350286100506191	3.250847664881893	3.1514311020068764	3.0520375967636837	2.9526684222045616	2.85332494663438	2.754008638651014	2.6547210717323533	2.5554639330418203	2.4562390390873468	2.357048353571832	2.2578939993515963	2.1587782658690515	2.059703627931439	1.9606727875821592	1.8616887196944678	1.7627546793941298	1.6638741659314673	1.5650509173866909	1.466289024895356	1.3675931249812059	1.2689684759839504	1.1704208166792598	1.0719562858852951	0.9735819075306583	0.8753066823624276	0.7771423922246536	0.6791029191383654	0.5812019865862595	0.48345090522580875	0.3858582920040754	0.28843215776158804	0.19118276485711688	0.09412427074855563	-0.0027255045991709283	-0.09934645333345876	-0.19571661631610626	-0.2918112573628161	-0.3876019651956293	-0.48305649228782976	-0.5781394081633661	-0.6728126101907876	-0.7670362166394828	-0.8607758236948766	-0.9540233874442003	-1.0468089761642057	-1.1390933069893516	-1.230418238647786	-1.3197924251799542	-1.407698184275932	-1.5008934470617414	-1.608975646277256	-1.7075539068999948	-1.7311726108871601	-1.7089942218725411	-1.6103988006701502	-1.5008798791530864	-1.4073316361651786	-1.3196512933053344	-1.230443546883033	-1.1391330160226374	-1.0468208297161838	-0.9540239680197907	-0.8607791874703272	-0.7670438475670955	-0.6728222250905868	-0.5781498194605043	-0.48306754827007026	-0.3876136237894106	-0.291823298409546	-0.19572873067332244	-0.09935834414841649	-0.002736931004889443	0.09411346103088894	0.19117265815460482	0.28842283469017077	0.3858498446966184	0.4834434249238234	0.5811955406039558	0.6790975351989457	0.7771380571604382	0.8753033491027481	0.9735795046629205	1.0719547314578923	1.1704200367771114	1.2689684200123978	1.3675937677300354	1.4662903546853057	1.5650529194752263	1.663876811451677	1.7627579240623494	1.8616925102212767	1.9606770709177515	2.059708358819231	2.1587834101052357	2.257899532428364	2.3570542561468133	2.4562452914445814	2.555470510405183	2.654727941462312	2.754015759591487	2.8533322704545108	2.9526758963879907	3.0520451686984087	3.1514387233589374	3.2508552952614096	3.35029370956374	3.449752872009848	3.5492317603737757	3.648729417629514	3.748244946390371	3.847777504235922	3.947326299923798	4.046890590456303	4.146469678651664	4.246062910710928	4.345669673436665	4.445289391059124	4.544921521837236	4.644565554676262	4.744221006003431	4.843887417107628	4.943564352068541	5.043251396272821	5.142948155383713	5.242654254557476	5.342369337714673	5.442093066752978	5.541825120663361	5.641565194528054	5.741312998426192	5.84106825656588	5.940830707092839	6.040600101327882	6.140376198635737	6.2401587608993525	6.339947573433254	6.439742494585462	6.539543375234812	6.639349676225097	6.739160563514306	6.838977320798792	6.938805259543497	7.038640924520796	7.138447106017454	7.238206318402632	7.338130144226933	7.438535403257523	7.538417225040803	7.634849597961983	7.731348623788266	7.849444826002637	7.987130212160463	8.028178629371554
8.022340432863055	7.9812782782879115	7.843549824427074	7.725403506651672	7.628847340764473	7.5323532999261165	7.432410878161554	7.331945631964561	7.2319603430093	7.132137878027835	7.032267070771136	6.932365513460654	6.832470299341783	6.732584793825226	6.632703645739145	6.532825533066054	6.4329512393559565	6.3330812484079235	6.233215652983852	6.133354536504924	6.033498052536801	5.933646375035736	5.833799677412437	5.7339581378431514	5.6341219440928025	5.534291293969975	5.4344663952233425	5.334647466121793	5.2348347362714955	5.135028447359491	5.0352288538075305	4.935436223365859	4.8356508376844705	4.735872992955965	4.636103000778918	4.536341189385859	4.43658790530208	4.336843515385008	4.2371084090961375	4.137383000813121	4.037667731993106	3.937963073043469	3.838269524880327	3.7385876203895623	3.63891792624228	3.5392610455071374	3.439617621121767	3.3399883398449144	3.2403739363728548	3.1407751979313536	3.0411929699741433	2.9416281627264875	2.842081756931411	2.74255480760356	2.643048447758575	2.5435638965705474	2.4441024732734973	2.344665610684751	2.2452548606751415	2.145871895658816	2.0465185239192287	1.9471967280274307	1.8479087020330254	1.748656846550897	1.6494437273924871	1.5502720807660955	1.4511449399468799	1.3520658103212715	1.2530386937109543	1.1540679191635057	1.0551581363251035	0.956314953190375	0.8575460940611471	0.758862028665606	0.6602749498878102	0.5617963042783558	0.46343467227270246	0.36519583932056854	0.26708511439616217	0.16911013910047248	0.07128239081874328	-0.026383015670989298	-0.12386851145019488	-0.22115457070153713	-0.3182187613643137	-0.41503454006193763	-0.5115712674276438	-0.6077958487754379	-0.7036739920695346	-0.7991676503226215	-0.894231553513524	-0.9888315687267852	-1.0830061927637211	-1.176855118553137	-1.2700963540033605	-1.361338709564847	-1.4496415196322057	-1.541476545958377	-1.651949304388889	-1.7642339085305498	-1.7941012056597943	-1.7650625204504746	-1.6526081624767075	-1.5413394724469254	-1.4494106988391096	-1.3613033239391124	-1.2701530707104853	-1.17689687790316	-1.0830224321922046	-0.9888425085827354	-0.8942460667938447	-0.7991844765933523	-0.7036908592891254	-0.6078121313627237	-0.5115870328588223	-0.41504973130326284	-0.3182331394112793	-0.2211678868660322	-0.123880599515462	-0.02639379720970177	0.07127291156209863	0.16910190532080732	0.26707806914647075	0.3651899410698843	0.4634298847818055	0.5617925837933385	0.6602722401454807	0.7588602640080617	0.857545203215349	0.95631486024082	1.0551587635530333	1.154069195531331	1.2530405643321185	1.352068238766647	1.4511479011799981	1.5502755500339194	1.6494476719335116	1.7486612233175145	1.8479134606021754	1.9472018160455986	2.0465238924459435	2.14587750265364	2.2452606720269226	2.3446715991965283	2.4441086165444967	2.5435701746741435	2.643054841254102	2.7425612961052392	2.8420883183619616	2.941634773396692	3.0411996055426447	3.1407818350414463	3.2403805544716024	3.3399949225745433	3.4396241568356696	3.539267526822332	3.6389243489019427	3.738593981898913	3.838275823340913	3.9379693064150105	4.037673897788204	4.137389096084209	4.237114430541453	4.336849459450569	4.436593768232435	4.536346967231932	4.636108689391128	4.735878587984002	4.835656334589464	4.935441617439893	5.035234140193734	5.135033621071448	5.234839792219015	5.334652399157243	5.434471200225669	5.53429596598032	5.63412647850576	5.73396253064289	5.833803925427807	5.933650476178532	6.0335020059871916	6.133358342818959	6.233219314117186	6.33308476767019	6.432954621318793	6.53282878343649	6.632706771207767	6.732587801960638	6.832473198619226	6.932368313067406	7.03226977920614	7.13214050163229	7.231962891683916	7.331948132172197	7.432413347830946	7.532355641951899	7.62884940163375	7.725405798702522	7.8435537937185895	7.981281830533681	8.022340432863055
8.017425579992926	7.97636185827021	7.838608743713752	7.720418580509453	7.623812744452503	7.527267325981846	7.427274733580148	7.3267595579465565	7.226723025240266	7.126847863504227	7.026923244334786	6.926966828052307	6.827015608513018	6.727072878558417	6.627133253923046	6.527195379433572	6.427259995446481	6.327327538715408	6.227398054141673	6.127471575687718	6.027548205015724	5.927628061609939	5.827711261837147	5.7277979241182875	5.627888173547169	5.527982142134919	5.42807996848448	5.328181798127108	5.228287784080865	5.128398087338288	5.028512877287195	4.928632332109505	4.828756639196587	4.728885995653467	4.629020608994147	4.529160698109189	4.429306494511871	4.3294582437789035	4.229616207044887	4.129780662403694	4.029951906092925	3.9301302533803035	3.8303160391783195	3.730509618620217	3.6307113680258434	3.5309216866275577	3.4311409990284574	3.331369757979118	3.231608447222698	3.1318575848257306	3.032117727631908	2.932389476453256	2.832673480303102	2.732970438705695	2.6332811043433586	2.53360629018981	2.433946881283581	2.334303844001453	2.2346782258526616	2.1350711521187566	2.035483838077621	1.9359176232358597	1.8363739995830952	1.736854595543608	1.6373611309966485	1.5378954305051824	1.4384595538314244	1.339055945977557	1.2396874139912617	1.1403569443514134	1.0410677670910307	0.9418240969928264	0.8426322791890366	0.7435012098828361	0.6444410532608941	0.5454607290881271	0.44656605831207585	0.3477601642503538	0.2490458368158011	0.1504280348180069	0.051915073314950475	-0.04648143877279364	-0.1447474618135074	-0.24286708425273032	-0.3408215882139285	-0.43858814577673677	-0.5361399362978941	-0.6334482769023128	-0.7304849262518637	-0.827218368989136	-0.9236012756898099	-1.0195773420303225	-1.115167669880507	-1.210553370838421	-1.305650657067942	-1.3989722810592466	-1.4886019750033266	-1.5802501821252293	-1.691970730126863	-1.8122321832058632	-1.8457215766994117	-1.8126025589793213	-1.6922023932283383	-1.5801416039990486	-1.4885135882486809	-1.3990017864486153	-1.3057102777466056	-1.2105890309110312	-1.11518627535082	-1.0195945161669986	-0.9236205544304859	-0.8272375114525756	-0.7305024736935304	-0.6334641985084873	-0.5361544570096258	-0.4386012547654474	-0.34083314394943115	-0.24287699108503194	-0.14475573677173284	-0.046488183821846114	0.05190971755211946	0.15042392153455614	0.2490428374116941	0.3477581711074063	0.44656497574544285	0.5454604682461562	0.6444415327032976	0.7435023582823946	0.8426340346500077	0.9418264024356365	1.0410705669185478	1.1403601863583939	1.2396910541305377	1.3390599504739857	1.4384638962326943	1.5379000858555194	1.6373660707107647	1.7368597849938936	1.836379398505988	1.9359231881117573	2.0354895254075673	2.135076921608238	2.234684042813487	2.3343096806996337	2.4339527172900253	2.5336121119021735	2.6332869038174542	2.7329762119455174	2.8326792252922792	2.9323951913658464	3.032123409663674	3.131863229870202	3.2316140502820208	3.3313753139360864	3.4311465033470467	3.53092713569426	3.630716759081168	3.7305149494224548	3.830321307610376	3.9301354571606186	4.029957042646827	4.129785728861949	4.229621200299242	4.329463160536498	4.429311331324324	4.529165451380922	4.6290252749856435	4.728890570491179	4.828761118891712	4.92863671258085	5.028517154382312	5.128402256851331	5.228291841772811	5.328185739761234	5.4280837898945276	5.5279858393427945	5.627891742939473	5.727801362677322	5.827714567405428	5.927631233153128	6.027551242842869	6.127474481592617	6.227400831444874	6.327330192207385	6.42726253124772	6.527197804787598	6.627135576943521	6.727075108003057	6.827017753671482	6.926968898487766	7.026925248716865	7.126849808384982	7.226724919395892	7.326761422513657	7.427276582992191	7.527269085616779	7.623814294496222	7.7204203126713775	7.838611772675956	7.976364580999933	8.017425579992926
8.013432126869876	7.97237445956982	7.834614424271838	7.716388802073166	7.619741042831035	7.523154100823068	7.4231215118403036	7.32256635337534	7.222488674232185	7.122571214116546	7.022603425184537	6.922603006097543	6.822606867260352	6.722618245401403	6.622631730910421	6.522645942210696	6.42266158516711	6.322679059094739	6.222698370831501	6.1227195149789075	6.022742551871897	5.922767557609546	5.822794603111734	5.722823759177643	5.622855100941492	5.522888707949987	5.422924663660939	5.3229630555866745	5.223003975647919	5.123047520459387	5.023093791566333	4.9231428956872225	4.82319494499867	4.723250057513928	4.6233083576170655	4.523369976783655	4.423435054450744	4.323503738934254	4.223576188271004	4.123652570886768	4.023733066026313	3.923817863915326	3.823907165709501	3.7240011834615214	3.62410014049114	3.5242042724459175	3.4243138289385073	3.3244290753198467	3.2245502944003475	3.124677788621797	3.0248118833115543	2.9249529305332596	2.825101311823435	2.725257439062153	2.625421755947278	2.5255947439042377	2.425776931664867	2.3259689007707642	2.22617128083931	2.1263847426244307	2.0266100077514544	1.9268478787991135	1.8270992593122033	1.727365128635981	1.627646494588192	1.527944411755198	1.428260109521195	1.3285951155329683	1.2289511947331713	1.1293301636912025	1.02973400882123	0.9301656733544649	0.8306301247385262	0.7311345581724977	0.6316869326541176	0.5322935367265728	0.4329574763076035	0.3336794068288125	0.23445990912240963	0.13530159763908733	0.03620970355104815	-0.06280813893088533	-0.16174250779047847	-0.26058238440370673	-0.3593140287756012	-0.45791979272876343	-0.5563781454664841	-0.6546661409915824	-0.7527631287438783	-0.8506477887099488	-0.9482801042152762	-1.0455940127057177	-1.142586360773011	-1.2394685561323868	-1.3363196756710107	-1.4317353302413292	-1.523249364363584	-1.6157888185053872	-1.7287964230054025	-1.8540098572626553	-1.8896664407332722	-1.854150487705261	-1.7288715902386358	-1.615753150436489	-1.5232506294018135	-1.4317845062642942	-1.336365081499374	-1.239493890407924	-1.1426029526314865	-1.0456103251241917	-0.948296282931926	-0.8506620680141734	-0.7527750706425141	-0.6546761200309443	-0.5563864749831815	-0.45792658865127017	-0.3593193514125421	-0.2605863026147386	-0.1617451243550247	-0.06280960257929752	0.036209229406700724	0.13530196650558216	0.23446100148422966	0.33368112559786406	0.43295973715244723	0.5322962659594033	0.6316900690140703	0.7311380537956981	0.8306339423933854	0.9301697810152203	1.0297383753519034	1.129334758145076	1.2289559882814793	1.3286000831960174	1.428265229946174	1.5279496652687208	1.627651860673617	1.7273705838335398	1.8271047761558463	1.9268534261047794	2.0266155522325198	2.1263902514394424	2.22617672445513	2.32597425553352	2.4257821816177283	2.5255998815510337	2.62542678181277	2.7252623601010457	2.825106138996183	2.9249576761051537	3.0248165585050613	3.1246824020963615	3.224554851715784	3.324433579212118	3.424318280041051	3.5242086700786084	3.624104483267609	3.7240054696372678	3.82391139332157	3.92382203081254	4.023737169871304	4.1236566091670435	4.223580158320826	4.323507637956026	4.423438879528917	4.5233737248931485	4.623312025632809	4.723253642226434	4.8231984431356905	4.923146303937426	5.0230971066001455	5.123050738944911	5.223007094265604	5.32296607105326	5.422927572778889	5.522891507700248	5.622857788632636	5.722826332652816	5.822797060998494	5.9227698995815246	6.02274477888093	6.1227216294162465	6.222700376588198	6.322680961510975	6.422663390878721	6.522647658909302	6.622633367043787	6.722619809883456	6.822608369273809	6.922604454809178	7.0226048287995075	7.1225725788804874	7.222490007587394	7.3225676715933785	7.423122826210659	7.52315535650284	7.619742149836691	7.716390046138141	7.834616627606868	7.972376451087379	8.013432126869876
8.010358730145054	7.969314469229379	7.831564789748933	7.7133122170904045	7.616630443328954	7.520011743587133	7.4199491693303035	7.319363871125178	7.21925506596846	7.119305619491397	7.019305208196945	6.919271546453025	6.81924147811242	6.719218199160386	6.619196282071363	6.519174325776062	6.419153010461506	6.3191327076462445	6.219113395944628	6.119095040763957	6.019077671773119	5.919061332870761	5.819046061240843	5.719031892327535	5.619018864171887	5.519007017368795	5.41899639443935	5.318987039835716	5.218979000148247	5.118972324246023	5.018967063379939	4.91896327130864	4.8189610044784645	4.718960322290079	4.618961287483013	4.518963966634002	4.418968430706763	4.3189747555494415	4.2189830222431235	4.118993317248806	4.019005732336838	3.919020364302001	3.8190373145282748	3.71905668861298	3.61907859638099	3.519103152495923	3.419130477482247	3.3191606987048283	3.2191939511779495	3.11923037877465	3.0192701364546126	2.9193133929437676	2.819360332158123	2.719411152799385	2.6194660687344684	2.519525313714216	2.419589149004394	2.3196578659058273	2.219731777809504	2.119811211015051	2.019896512852219	1.9199880783742371	1.8200863637431208	1.720191854355191	1.620305016202052	1.5204263169218837	1.4205563483661947	1.3206959268827967	1.2208460058706743	1.1210074922986408	1.0211813978014355	0.9213696256793712	0.8215759281341878	0.7218059152251544	0.622065475354381	0.5223584597045069	0.42268547708288573	0.323044883735597	0.2234351779921969	0.12385689665362343	0.024312664612364296	-0.07519343689306567	-0.17465647913167262	-0.27407060778769293	-0.373427804365623	-0.4727159114437095	-0.5719184594581044	-0.6710187698246697	-0.7700048354031543	-0.8688673861638898	-0.9675800850876592	-1.0660805034320693	-1.1643491097367176	-1.2626006695617384	-1.361027843156752	-1.458372755414415	-1.551906589351813	-1.645922758505549	-1.7606067154961924	-1.8900033241144338	-1.927464683646168	-1.89007378441437	-1.7606579908992868	-1.6459377537211168	-1.5519366455810901	-1.458410068077901	-1.3610526742959699	-1.2626140814548312	-1.1643591848712402	-1.066089990626123	-0.9675879824968191	-0.8688729553879657	-0.7700083444330116	-0.6710206995069904	-0.5719190998408593	-0.4727154607192444	-0.37342654115389873	-0.27406880107357745	-0.17465419193161505	-0.0751906513655274	0.02431588205156549	0.12386045417140983	0.22343901158571147	0.32304894719308425	0.4226897314352285	0.5223628718694798	0.6220700193794076	0.7218105722414583	0.8215806841935535	0.9213744686084728	1.0211863147018994	1.1210124686349823	1.2208510260458638	1.3207009755165047	1.4205614113689329	1.5204313817140531	1.6203100708651479	1.720196886021021	1.82009135695121	1.9199930142202988	2.0199013694427124	2.1198159652267754	2.219736407910316	2.3196623543800503	2.419593484930036	2.519529494171472	2.6194700989307824	2.7194150448652947	2.8193641028760954	2.9193170609395276	3.0192737195010886	3.1192338917724074	3.2191974051162098	3.31916410058582	3.4191338309375654	3.519106458717396	3.619081855033124	3.7190598985295145	3.819040474141961	3.919023471856507	4.019008785965441	4.118996314992857	4.218985962053178	4.3189776352860365	4.4189712481444605	4.518966719468985	4.618963973344964	4.718962938759	4.81896354910548	4.9189657416377255	5.018969456966625	5.11897463867052	5.218981233024488	5.318989188823823	5.418998457275016	5.519008991926441	5.6190207485763395	5.719033685120122	5.819047761591521	5.919062940811861	6.019079188417947	6.119096468469735	6.21911473838639	6.319133969784815	6.419154198407165	6.519175446561413	6.619197343359562	6.719219208950557	6.819242444517819	6.9192724774331955	7.019306110819525	7.119306499134037	7.219255928508598	7.319364728504164	7.4199500301294306	7.520012569793224	7.616631170536771	7.713313039900622	7.8315662779309765	7.969315826405098	8.010358730145054
8.008205637510127	7.967181490766975	7.829458542979654	7.711188031418946	7.614480529443343	7.51783962066296	7.417756872960679	7.317151189264004	7.21702118808918	7.117049954027976	7.017027350680318	6.91697109011697	6.816917963117572	6.7168711390305536	6.616825180300064	6.51677867348029	6.416732281730996	6.316686358255383	6.216640863199925	6.116595742875484	6.0165510068679575	5.9165066779811095	5.816462771300446	5.7164192991146265	5.616376275177144	5.516333714590846	5.416291633105586	5.316250047040908	5.216208973405932	5.116168429953163	5.016128435199737	4.916089008476042	4.816050170025401	4.716011941172064	4.615974344568512	4.515937404500526	4.415901147182965	4.31586560095773	4.215830796331195	4.115796765839138	4.0157635437540256	3.9157311656467977	3.815699667851188	3.715669087000827	3.615639459909243	3.51561082392925	3.415583217556135	3.3155566808295296	3.21553125547105	3.1155069853861774	3.015483918127279	2.9154621066779183	2.815441609859179	2.715422490936665	2.6154048171471658	2.515388663483728	2.415374118868541	2.315361286638925	2.215350274748884	2.1153411857344477	2.015334124388615	1.9153292223631397	1.8153266469377682	1.7153265647849365	1.6153290931023778	1.5153343226220553	1.415342435061682	1.3153537863023637	1.215368802649592	1.1153878023282178	1.015411165565195	0.9154401037663789	0.8154775166538574	0.7155278567453649	0.6155954821541085	0.5156824351207421	0.4157874226966065	0.31590690156889484	0.21603737501076128	0.11617714227352005	0.016326547638814914	-0.08351230147091954	-0.18333646887776808	-0.2831430910103871	-0.3829292103046087	-0.48268648457235525	-0.5824027466375015	-0.6820689295049744	-0.7816815032983516	-0.8812422301754042	-0.9807394717577508	-1.080122426833439	-1.1793678727505328	-1.2786892333366349	-1.3783521678171597	-1.4772330683566042	-1.5724873253426679	-1.6679710858984178	-1.7844560621891346	-1.917926883449231	-1.9571771826361475	-1.9179857289929823	-1.7845082588073053	-1.6679964305889259	-1.572508213080663	-1.4772482923010943	-1.3783595644417046	-1.2786928424928126	-1.1793708229245423	-1.080124564912471	-0.9807399851306983	-0.8812411370957633	-0.7816792506036305	-0.6820658444115286	-0.5823989850622295	-0.48268216609450687	-0.3829245149967407	-0.2831384971300503	-0.18333207372674384	-0.08350785938219224	0.016330996681780768	0.11618157497613119	0.2160417867609686	0.3159112911856543	0.41579178854031107	0.5156867759506377	0.6155997976449028	0.7155321470182773	0.8154817815152409	0.9154443420995426	1.0154153747996641	1.1153919779820498	1.2153729383294076	1.3153578744880285	1.4153464683956272	1.515338294904829	1.6153329993020156	1.7153303999931733	1.8153304048449568	1.9153328940756134	2.015337698220024	2.1153446481651748	2.215353612316007	2.3153644882495117	2.4153771779510524	2.5153915794625203	2.6154075958938234	2.7154251440867485	2.8154441531490284	2.915464557693588	3.015486293991111	3.115509300883463	3.215533521945784	3.315558905923306	3.415585405627368	3.515612976852724	3.615641577946853	3.7156711695240983	3.8157017138232963	3.9157331738781425	4.015765513000875	4.115798694821267	4.2158326837226845	4.315867445377802	4.415902947194542	4.515939158615768	4.615976051259142	4.716013598883165	4.816051777191647	4.916090563538451	5.016129936620084	5.116169876223418	5.2162103630523875	5.316251378627109	5.416292905243408	5.516334925973101	5.616377424645127	5.716420385768673	5.816463794651061	5.91650763812509	6.016551904662341	6.116596580076559	6.216641642537638	6.316687083425145	6.41673295729988	6.5167793047157785	6.6168257729408095	6.716871699047683	6.816918496532251	6.916971602802857	7.017027847831785	7.117050439519881	7.217021665883011	7.31715166743888	7.417757358023955	7.517840088467887	7.614480935781378	7.711188494693729	7.82945942128307	7.967182308515979	8.008205637510127
8.006972564946572	7.965976326231072	7.828299454614202	7.71002121309872	7.6132949002301755	7.516640889138196	7.416548030976822	7.315931786699462	7.215790400460167	7.115807466639839	7.015773029714209	6.9157047450592515	6.8156393510984135	6.715580009413434	6.615521283554085	6.515461754388909	6.415402075864788	6.315342592134947	6.215283254617893	6.1152240005314	6.015164829811275	5.915105755122109	5.815046780945494	5.714987908469724	5.614929139819074	5.514870477916379	5.414811925759248	5.314753486317504	5.2146951626258184	5.114636957809991	5.014578875078295	4.914520917731093	4.814463089201242	4.714405393129877	4.614347833480108	4.514290414670037	4.414233141678492	4.314176020072599	4.214119055939222	4.114062255741786	4.014005626123112	3.913949173640107	3.813892904428352	3.713836823904895	3.6137809367137397	3.513725246994109	3.413669758717451	3.313614475694112	3.213559401276975	3.113504538444158	3.0134498908093432	2.9133954638258825	2.813341264500136	2.713287299362559	2.613233573527174	2.5131800939787783	2.4131268748781136	2.3130739369489515	2.2130212972110663	2.1129689597627372	2.0129169246419596	1.9128652118364315	1.8128138670611589	1.7127629230389834	1.6127123521307474	1.5126620926957266	1.4126121638006823	1.3125627366420245	1.2125140221065984	1.112466102861518	1.0124191258694883	0.9123740677626812	0.8123335339958002	0.7123015428511512	0.6122818507867801	0.5122757903559599	0.41228133176189685	0.3122941582381414	0.2123098219906207	0.11232536272647387	0.012339907608492294	-0.0876454723236278	-0.18762892529021974	-0.28760764701866914	-0.38757553700799907	-0.48752787002826475	-0.5874618925514592	-0.6873741969893877	-0.7872662243641932	-0.8871458916308135	-0.987011740066614	-1.0868258338604346	-1.1865705556477995	-1.2864597305786152	-1.3867983308004512	-1.4865503561270288	-1.5828237307473918	-1.67924326947542	-1.7970319958190395	-1.9334773370569203	-1.9740262435256106	-1.9335113216495852	-1.7970609016364747	-1.6792512066787226	-1.5828261221739672	-1.4865522493046273	-1.386799119971867	-1.2864600433692164	-1.1865708115549467	-1.0868258060198897	-0.9870112645454475	-0.8871450583199166	-0.7872651617905316	-0.6873729619212401	-0.5874605023527586	-0.48752632671063256	-0.3875737733331364	-0.2876053348063758	-0.18762620878737582	-0.087642814035096	0.012342466449743487	0.11232784240769106	0.21231223491598655	0.3122965111853476	0.4122836302795632	0.5122780398971434	0.6122840563080951	0.7123037081330349	0.8123356614915771	0.912376158916124	1.0124211813290191	1.1124681223280288	1.2125160041502583	1.312564678950557	1.4126140638829927	1.5126639485952966	1.612714162658021	1.712764687372365	1.8128155839605289	1.9128668789032282	2.012918538001555	2.112970514337019	2.2130227875201705	2.3130753582181507	2.413128224157418	2.5131813709969144	2.613234781074901	2.7132884431128725	2.813342352305916	2.9133965046620065	3.0134508936106816	3.1135055111029266	3.213560349995497	3.313615404767228	3.4136706706903923	3.5137261430537956	3.613781817148884	3.7138376885060764	3.813893752764297	3.9139500052076928	4.014006440405168	4.114063052215396	4.214119834067288	4.314176779295904	4.414233881413301	4.514291134310347	4.614348532402612	4.714406070700465	4.8144637447825405	4.914521550690426	5.01457948479479	5.1146375436792235	5.214695724061076	5.314754022748665	5.4148124366330554	5.514870962704384	5.614929598040561	5.714988339735124	5.815047185021304	5.91510613201182	6.015165179840379	6.115224324420537	6.215283553528383	6.315342867675823	6.415402330058075	6.515461989595324	6.615521502365868	6.715580214536871	6.815639545269913	6.915704930978852	7.015773209799248	7.115807642579492	7.215790573731435	7.315931961070233	7.416548211016081	7.51664106459227	7.6132950444086305	7.710021372098636	7.82829980616657	7.965976672336367	8.006972564946572
8.00657917724532	7.965606913287829	7.8279685649218695	7.709685476707568	7.61294897300289	7.516291199390762	7.416196468513732	7.3155774896878505	7.215432837987598	7.115446644529034	7.015408988882088	6.915337436832619	6.81526870264259	6.715205957905485	6.615143770984148	6.515080720313954	6.415017456819471	6.314954322756254	6.214891267902763	6.114828227599398	6.01476519972212	5.914702194789928	5.814639215057797	5.714576259388445	5.614513327479221	5.514450419730909	5.414387536529377	5.314324678146954	5.214261844839288	5.11419903687555	5.0141362545296575	4.914073498079042	4.814010767815433	4.713948064066082	4.613885387227827	4.513822737805769	4.413760116432402	4.313697523847636	4.213634960851197	4.113572428263043	4.013509926901943	3.9134474575356806	3.813385020758271	3.7133226168599713	3.613260245856893	3.513197907734902	3.413135602658996	3.313073330798894	3.213011091867465	3.1129488850786933	3.012886710016301	2.912824567603254	2.812762459514752	2.7127003859241485	2.612638344483241	2.5125763335108124	2.412514356964297	2.3124524234548254	2.2123905362469767	2.112328685308076	2.0122668575681506	1.9122050608868453	1.8121433281714951	1.712081677719499	1.6120200679458636	1.5119584269845865	1.4118967663213329	1.3118352456172357	1.2117740570577435	1.111713268389952	1.0116530359829934	0.9115943786690032	0.8115399595367786	0.7114938444416391	0.6114598272629317	0.5114393001111414	0.4114303479264857	0.3114288279772524	0.21143051148217515	0.1114326731985868	0.01143439910295277	-0.08856414638051135	-0.18856251759901752	-0.2885597434297677	-0.3885532374266135	-0.48853874071785347	-0.5885116536466303	-0.6884689688041307	-0.7884128720667426	-0.8883522094568176	-0.9882874943826876	-1.0881841092825668	-1.1880262464320055	-1.2880265960298407	-1.388497915789876	-1.4884275059618683	-1.5849092139999412	-1.6815090808635258	-1.7996515555366106	-1.9370092378245913	-1.9778831117609341	-1.9370159637588877	-1.7996565986864355	-1.6815090246221847	-1.5849089047632439	-1.4884276705025108	-1.388498017022308	-1.2880266065873789	-1.1880262300013602	-1.088184032881129	-0.9882873469068916	-0.8883520152563725	-0.7884126471541932	-0.6884687143334695	-0.5885113684972013	-0.4885384190183828	-0.38855285077107543	-0.2885592831032333	-0.18856203659746565	-0.08856368744295583	0.011434839643741508	0.11143310405077723	0.21143093372862656	0.31142924100715763	0.4114307517143975	0.5114396952336425	0.6114602144998916	0.7114942244268951	0.8115403326605158	0.9115947451711568	1.0116533960301	1.1117136220284138	1.21177440412236	1.3118355857318331	1.4118970990272353	1.5119587519070885	1.6120203848792969	1.71208198657798	1.8121436288408048	1.9122053530622216	2.0122671406593318	2.112328958455276	2.2123907984459756	2.3124526737547386	2.4125145946846116	2.512576558423332	2.612638556915257	2.712700586757996	2.8127626500831324	2.912824749505042	3.012886884897518	3.1129490544307563	3.213011256886114	3.3130734923252545	3.4131357611978443	3.513198063524762	3.613260398958965	3.7133227672381155	3.813385168335051	3.9134476022226004	4.013510068610458	4.113572566905277	4.213635096337394	4.313697656084065	4.413760245320655	4.513822863243109	4.613885509108066	4.713948182280679	4.814010882254797	4.9140736086339825	5.014136361092824	5.114199139342489	5.214261943108829	5.31432477212087	5.414387626111813	5.514450504828622	5.6145134080041	5.714576335263627	5.8146392862279885	5.914702261235456	6.014765261474789	6.1148282847572935	6.214891320640791	6.314954371329993	6.4150175015614215	6.515080761622471	6.615143809304922	6.715205993707835	6.8152687364037146	6.915337469041263	7.015409020008508	7.115446674868597	7.215432867629291	7.315577519292101	7.416196499832159	7.5162912311103725	7.612948996235399	7.709685496957024	7.827968631252702	7.965606986021634	8.00657917724532
8.006510480094635	7.965543654145758	7.82791433144736	7.709628517266371	7.612889748127378	7.516231722822113	7.416136821306195	7.315517314622349	7.215372067228272	7.115385322184487	7.015347123772538	6.91527501289291	6.815205705770363	6.715142378416694	6.615079599367655	6.515015946033037	6.414952068820429	6.314888309765195	6.21482461837913	6.1147609296588685	6.014697241114428	5.914633562892116	5.814569896859835	5.714506241474606	5.614442596010546	5.514378960429328	5.414315334662534	5.314251718513579	5.214188111755332	5.1141245141611265	5.014060925495972	4.9139973455131365	4.813933773958977	4.713870210583379	4.6138066551583945	4.513743107499146	4.413679567467592	4.31361603494572	4.213552509795133	4.113488991840248	4.013425480881929	3.9133619766878156	3.813298478906627	3.7132349869650674	3.6131715001078017	3.513108017630798	3.4130445390614876	3.3129810639486377	3.212917591373899	3.112854119893926	3.0127906483864026	2.9127271769718317	2.8126637063656434	2.712600235588997	2.612536760952598	2.5124732792353006	2.4124097925750037	2.3123463073915658	2.212282824460963	2.1122193312789994	2.012155812625948	1.9120922744369733	1.812028747445399	1.7119652473276596	1.6119017300572025	1.5118381223407458	1.4117744348408616	1.311710825167322	1.2116474814200682	1.1115844681402876	1.0115219446025432	0.9114609407309248	0.8114041348161215	0.7113556065346625	0.6113191631466602	0.5112962183021933	0.41128489649589306	0.31128111954127097	0.21128075381468747	0.11128117944910108	0.011281452713589067	-0.08871851855037521	-0.18871859250233033	-0.28871803010745195	-0.3887146332321042	-0.4887044854192441	-0.5886829140225251	-0.6886467861044533	-0.7885983212335395	-0.8885464203120548	-0.9884917967295347	-1.0884003531049866	-1.1882566294166688	-1.2882728617218389	-1.388762739650813	-1.4887180110219986	-1.5852296733413431	-1.6818500410303419	-1.8000357644816947	-1.9375009431047807	-1.9784025349785506	-1.9375021149362983	-1.800036509846371	-1.6818498330564846	-1.5852295628143496	-1.488718052592351	-1.3887627599271584	-1.2882728547452826	-1.1882566161352508	-1.0884003309060848	-0.9884917651160318	-0.888546383129083	-0.7885982793312166	-0.6886467383015018	-0.5886828595809086	-0.4887044225117035	-0.3887145600893376	-0.28871795094900166	-0.18871851493705963	-0.088718444948336	0.011281524249336554	0.11128125015363628	0.2112808236919271	0.31128118821697054	0.41128496374813034	0.5112962841228473	0.61131922763186	0.711355669775877	0.8114041968644943	0.9114610016196171	1.01152200436826	1.1115845268116524	1.2116475389896482	1.3117108815816263	1.4117744900210423	1.511838176217306	1.6119017825927198	1.7119652985135705	1.8120287972769553	1.9120923228816107	2.012155859601108	2.1122193766491266	2.21228286805502	2.3123463490357037	2.412409832131366	2.512473316637182	2.612536796227528	2.712600268864194	2.8126637378543107	2.912727206943396	3.0127906771279505	3.11285414767234	3.212917618407468	3.3129810903933206	3.413044565012004	3.513108043132397	3.6131715251725005	3.7132350115867947	3.8132985030720046	3.9133620003819525	4.013425504090419	4.113489014549144	4.213552531990297	4.313616056612332	4.413679588589988	4.51374312806088	4.613806675142378	4.71387022997208	4.813933792734621	4.91399736365795	5.014060942992457	5.114124530992272	5.214188127904727	5.314251733965359	5.4143153494012255	5.514378974439716	5.614442609277859	5.714506253985253	5.814569908602904	5.9146335738615905	6.014697251311901	6.114760939096243	6.214824627080754	6.314888317768904	6.41495207617732	6.515015952806038	6.615079605628741	6.715142384242353	6.81520571123787	6.915275018083591	7.015347128774095	7.115385327054573	7.215372071946337	7.315517319254684	7.416136826308892	7.5162317282114115	7.612889751769784	7.7096285193610905	7.827914342607385	7.965543667855521	8.006510480094635
8.006499908964464	7.965534109700997	7.827906373117393	7.709619862632674	7.612880713341051	7.516222733472061	7.41612781729363	7.315508212707562	7.215362870587272	7.115376044566715	7.015337764701913	6.915265568361646	6.815196173737978	6.715132757701614	6.61506988854144	6.515006143432302	6.414942172737543	6.314878318478307	6.214814530122066	6.114750742607795	6.014686953388266	5.914623172552481	5.814559401908327	5.714495639849741	5.614431885585212	5.514368139008471	5.41430439998089	5.314240668233429	5.214176943464407	5.114113225370639	5.014049513638664	4.9139858079409375	4.813922107939653	4.713858413295286	4.613794723682641	4.513731038808802	4.413667358414483	4.313603682246423	4.213540010018608	4.113476341399713	4.013412676032769	3.9133490135319695	3.8132853534026276	3.713221694941902	3.6131580372798004	3.513094379610041	3.4130307213647533	3.312967061998392	3.2129034004956765	3.112839735312304	3.0127760652174524	2.9127123902063476	2.812648710841041	2.7125850259567246	2.6125213316496674	2.5124576244555548	2.412393906223124	2.312330183017589	2.2122664552123847	2.1122027099198233	2.0121389316130247	1.9120751259615798	1.8120113233651505	1.7119475390651782	1.6118837286506011	1.5118198186739025	1.4117558197581463	1.3116918891648524	1.2116282141673143	1.1115648586549725	1.0115019825484575	0.9114406181246829	0.811383446865773	0.7113345514000265	0.6112977420047417	0.5112744373293929	0.41126277132941685	0.31125868200751555	0.21125805859722557	0.1112582990721955	0.011258443334880266	-0.08874164949492236	-0.18874188755524796	-0.28874156008059554	-0.38873850169208485	-0.4887288526983179	-0.5887079671292006	-0.6886726984340794	-0.7886252532033758	-0.8885745260373483	-0.9885212416485126	-1.0884313741811087	-1.188289527123121	-1.288307836495894	-1.3888000699724414	-1.4887587200114318	-1.58527441894002	-1.6818973948016354	-1.8000885733091738	-1.937563939389841	-1.9784670139173302	-1.9375641015214533	-1.8000886586892926	-1.681897346271344	-1.5852744042896565	-1.4887587300200378	-1.3888000726392928	-1.2883078341910106	-1.1882895244256297	-1.0884313706065183	-0.9885212370786678	-0.8885745209052825	-0.7886252474082158	-0.6886726916936655	-0.5887079592948984	-0.48872884364900765	-0.38873849167150343	-0.28874154992115086	-0.18874187790480762	-0.08874164027940146	0.01125845240791243	0.11125830810974018	0.21125806758107546	0.31125869087429237	0.411262780027945	0.511274445845055	0.6112977503458447	0.7113345595769412	0.8113834548831396	0.9114406259853046	1.0115019902576396	1.111564866218736	1.2116282215870293	1.3116918964343975	1.4117558268662949	1.51181982560962	1.6118837354071112	1.711947545640304	1.812011329758204	1.9120751321688663	2.0121389376243273	2.1122027157173933	2.212266460772812	2.3123301883159804	2.412393911238444	2.512457629175806	2.612521336075687	2.7125850301036625	2.8126487147370725	2.912712393888853	3.0127760687275607	3.1128397386891766	3.212903403771951	3.3129670651977303	3.413030724501691	3.5130943826915955	3.6131580403078987	3.7132216979157255	3.8132853563203084	3.913349016391501	4.013412678832305	4.113476344137538	4.213540012693009	4.313603684855596	4.4136673609565005	4.513731041281625	4.613794726084143	4.713858415623289	4.813922110191944	4.9139858101153155	5.014049515732966	5.1141132273827905	5.21417694539243	5.314240670075439	5.414304401735076	5.51436814067306	5.614431887158452	5.714495641329963	5.814559403294082	5.914623173842801	6.014686954582973	6.114750743707852	6.2148145311298775	6.314878319397887	6.414942173574535	6.515006144193882	6.61506988923606	6.715132758338416	6.81519617432609	6.915265568910781	7.015337765224278	7.115376045072313	7.21536287106947	7.315508213162078	7.4161278177966485	7.51622273408485	7.612880713718827	7.709619862606811	7.827906374360834	7.965534111506058	8.006499908964464
8.006499004239686	7.965533299011235	7.827905723941323	7.709619124529739	7.612879942898788	7.516221975082369	7.416127057550929	7.315507442842041	7.2153620925915956	7.115375260048388	7.015336973329393	6.915264769681936	6.815195367617198	6.715131944065727	6.615069067266612	6.5150053143725835	6.414941335747853	6.314877473413398	6.21481367683212	6.114749880937573	6.014686083177533	5.914622293636017	5.814558514115673	5.714494743004953	5.6144309795066825	5.514367223508764	5.41430347486656	5.31423973330483	5.214175998515517	5.114112270188889	5.014048548004776	4.913984831628737	4.813921120715769	4.7138574149187065	4.613793713904011	4.513730017369459	4.413666325045276	4.313602636666479	4.213538951934264	4.1134752705038595	4.013411592004748	3.9133479160380356	3.8132842420968935	3.7132205694675995	3.6131568972706245	3.513093224691277	3.4130295511539237	3.3129658761054013	3.212902198522703	3.1128385168535995	3.0127748298587216	2.912711137523011	2.81264744039521	2.712583737293798	2.6125200242956375	2.512456297914551	2.4123925599732012	2.3123288165044653	2.2122650678452485	2.1122013010745797	2.0121375006414874	1.9120736721959477	1.8120098461095733	1.7119460375837834	1.611882202173319	1.5118182664227349	1.411754240959504	1.3116902830128323	1.2116265797671213	1.1115631950389344	1.0115002888148743	0.9114388936171985	0.8113816912533355	0.7113327646398623	0.6112959243403786	0.5112725894953506	0.4112608950477002	0.31125678078996327	0.21125613837109056	0.11125636699272974	0.011256504246313736	-0.08874359504860163	-0.1887438430483949	-0.2887435311843064	-0.3887404957249456	-0.48873088152726113	-0.5887100467265439	-0.688674844644851	-0.7886274799829139	-0.8885768457373526	-0.988523666376444	-1.0884339220548256	-1.1882922233264412	-1.2883106946648533	-1.3888031051189569	-1.4887620209590962	-1.5852780451652901	-1.6819012177429093	-1.800092875457846	-1.9375689008690036	-1.9784719166659932	-1.9375689015430013	-1.8000928760400021	-1.6819012178876083	-1.5852780452808872	-1.488762021115152	-1.3888031052233016	-1.288310694709835	-1.18829222334432	-1.0884339220569388	-0.9885236663633679	-0.8885768457103327	-0.7886274799446915	-0.6886748445989951	-0.5887100466777238	-0.488730881480085	-0.38874049568168684	-0.28874353114422385	-0.18874384300943023	-0.08874359500940045	0.011256504286024718	0.11125636703283469	0.21125613841145402	0.31125678083042496	0.41126089508808167	0.511272589535484	0.6112959243800841	0.7113327646789224	0.811381691291507	0.9114388936542357	1.011500288850517	1.1115631950728506	1.211626579798824	1.3116902830416006	1.4117542409843364	1.5118182664423319	1.6118822021860995	1.7119460375879352	1.8120098461031364	1.9120736721769196	2.0121375006079307	2.11220130102471	2.212265067777502	2.312328816417575	2.412392559866315	2.512456297787415	2.612520024148802	2.712583737128776	2.8126474402144797	2.91271113732981	3.012774829656659	3.1128385166461774	3.2129021983128974	3.312965875895412	3.4130295509451316	3.5130932244843787	3.6131568970658523	3.7132205692649487	3.813284241896287	3.9133479158394153	4.013411591808099	4.113475270309204	4.213538951741634	4.313602636475908	4.413666324856792	4.513730017183084	4.61379371371977	4.713857414736634	4.81392112053591	4.913984831451153	5.014048547829551	5.114112270016127	5.214175998345348	5.314239733137401	5.414303474702038	5.514367223347335	5.614430979348534	5.714494742850264	5.814558513964594	5.914622293488643	6.014686083033862	6.114749880797475	6.21481367669531	6.314877473279428	6.414941335616126	6.515005314242397	6.615069067137203	6.715131943936345	6.815195367487162	6.915264769550686	7.01533697319662	7.115375259914149	7.2153620924558455	7.315507442703521	7.416127057408968	7.516221974945401	7.612879942780366	7.709619124390752	7.827905723664452	7.965533298752223	8.006499004239686
8.006499909034876	7.965534111711149	7.8279063746051625	7.709619862753852	7.612880713842525	7.516222734222993	7.4161278179399845	7.315508213302363	7.215362871206874	7.115376045208059	7.015337765358468	6.915265569043379	6.815196174457421	6.71513275846907	6.615069889366763	6.515006144325437	6.414942173707748	6.3148783195335065	6.214814531268537	6.1147507438500215	6.014686954728953	5.914623173992726	5.814559403447948	5.714495641487663	5.614431887319828	5.514368140837914	5.414304401903209	5.314240670246655	5.214176945566551	5.114113227559662	5.014049515912456	4.913985810297312	4.813922110376366	4.713858415810073	4.613794726273247	4.513731041473015	4.413667361150159	4.313603685051502	4.213540012891141	4.113476344337863	4.013412679034788	3.9133490165961304	3.813285356527116	3.713221698124798	3.6131580405193437	3.5130943829054284	3.413030724717625	3.312967065414889	3.2129034039885793	3.1128397389024665	3.0127760689336944	2.912712394083317	2.8126487149151975	2.712585030261252	2.6125213362095425	2.5124576292840253	2.4123939113204407	2.3123301883722895	2.2122664608047913	2.1122027157269447	2.012138937613673	1.9120751321403946	1.8120113297143585	1.7119475455834874	1.6118837353396127	1.5118198255335673	1.4117558267836168	1.3116918963467796	1.211628221495848	1.1115648661250006	1.0115019901619957	0.9114406258881377	0.811383454784722	0.7113345594775161	0.6112977502455904	0.5112744457439915	0.41126277992594296	0.3112586907713172	0.21125806747749448	0.11125830800619815	0.011258452304812537	-0.08874164038253864	-0.18874187801039538	-0.2887415500318958	-0.3887384917861018	-0.4887288437618774	-0.5887079593983446	-0.6886726917791333	-0.788625247469588	-0.888574520940262	-0.9885212370855281	-1.0884313705830981	-1.188289524368854	-1.28830783408708	-1.388800072466319	-1.4887587297938052	-1.5852744040731492	-1.6818973459730218	-1.8000886579920774	-1.9375641008504414	-1.978467013634722	-1.9375639404485034	-1.8000885741204282	-1.681897394853871	-1.5852744190034511	-1.4887587201491277	-1.388800070063695	-1.2883078365342637	-1.188289527137828	-1.0884313741824831	-0.9885212416362296	-0.8885745260126428	-0.7886252531693628	-0.688672698394571	-0.5887079670885077	-0.48872885266009125	-0.38873850165760393	-0.28874156004866874	-0.18874188752399537	-0.08874164946333882	0.011258443366924204	0.11125829910459116	0.2112580586298811	0.3112586820403288	0.4112627713622439	0.5112744373620549	0.6112977420370289	0.7113345514317012	0.8113834468965865	0.9114406181543883	1.011501982576793	1.1115648586816076	1.2116282141917756	1.3116918891864517	1.4117558197759275	1.5118198186866136	1.6118837286567047	1.7119475390628995	1.8120113233525694	1.9120751259367412	2.012138931574051	2.1122027098650036	2.212266455140236	2.312330182926925	2.4123939061131616	2.5124576243260845	2.6125213315012448	2.7125850257908244	2.8126487106600577	2.9127123900134015	3.0127760650160162	3.1128397351057466	3.212903400286862	3.312967061789437	3.413030721156989	3.5130943794041385	3.613158037075987	3.713221694740176	3.813285353202916	3.913349013334219	4.013412675836967	4.113476341205879	4.213540009826778	4.3136036820566295	4.413667358226754	4.513731038623163	4.6137947234991135	4.713858413113907	4.813922107760466	4.913985807764008	5.014049513464071	5.11411322519849	5.214176943294828	5.314240668066567	5.414304399816912	5.51436813884756	5.614431885427554	5.714495639695515	5.81455940175768	5.914623172405506	6.014686953244962	6.114750742468027	6.214814529985556	6.314878318344608	6.4149421726060645	6.515006143302344	6.615069888412248	6.7151327575724435	6.815196173608158	6.9152655682306206	7.0153377645693675	7.115376044432712	7.21536287045181	7.3155082125693855	7.416127817151771	7.516222733334869	7.612880713224433	7.7096198624983785	7.827906372825033	7.965534109403302	8.006499909034876
8.006510480169386	7.965543668030057	7.827914342816968	7.7096285195217655	7.612889751914451	7.516231728363157	7.416136826464123	7.315517319407242	7.2153720720956205	7.115385327201449	7.01534712891875	6.915275018226096	6.815205711378689	6.715142384382297	6.615079605768826	6.515015952947394	6.414952076321099	6.314888317916181	6.214824627232431	6.114760939252997	6.014697251474154	5.91463357402953	5.8145699087765115	5.714506254164365	5.614442609462225	5.51437897462905	5.414315349595233	5.3142517341637605	5.2141881281072715	5.114124531198745	5.014060943202684	4.91399736387179	4.813933792951973	4.7138702301928825	4.613806675366596	4.513743128288507	4.413679588821033	4.313616056846797	4.21355253222818	4.113489014790429	4.013425504335095	3.9133620006300593	3.8132985033236797	3.7132350118422908	3.6131715254321057	3.513108043396176	3.4130445652793013	3.3129810906620674	3.2129176186734605	3.1128541479287337	3.0127906773652606	2.9127272071501653	2.812663738018391	2.712600268974356	2.6125367962749726	2.5124733166165716	2.412409832041149	2.3123463488777745	2.212282867833919	2.112219376371057	2.012155859272995	1.9120923225103374	1.8120287968688549	1.7119652980742208	1.6119017821270356	1.511838175729837	1.41177448951627	1.3117108810640155	1.2116475384633263	1.1115845262798933	1.0115220038331667	0.9114610010822859	0.8114041963254817	0.711355669235446	0.6113192270897095	0.5112962835776298	0.4112849631975214	0.31128118765899115	0.2112808231269732	0.11128124958461026	0.011281523676709737	-0.0887184455346392	-0.1887185155544082	-0.28871795158080116	-0.38871456067469756	-0.488704423010188	-0.588682859982908	-0.6886467385870882	-0.7885982794817475	-0.8885463831420504	-0.9884917649876837	-1.0884003306245786	-1.1882566156849241	-1.2882728541000794	-1.388762759064038	-1.488718051580394	-1.5852295617985388	-1.6818498318079071	-1.8000365077407328	-1.9375021129684182	-1.9784025338237712	-1.937500946001402	-1.800035766612698	-1.6818500406530712	-1.5852296731236228	-1.4887180111736409	-1.388762739757075	-1.2882728617458017	-1.188256629423323	-1.0884003531077415	-0.9884917967229246	-0.8885464202964084	-0.788598321212962	-0.6886467860829142	-0.5886829140029568	-0.48870448540306816	-0.3887146332189713	-0.2887180300958242	-0.18871859249076356	-0.08871851853835354	0.011281452725985974	0.11128117946176927	0.21128075382760958	0.31128111955443094	0.41128489650920463	0.5112962183154856	0.6113191631597026	0.7113556065472005	0.8114041348279032	0.9114609407417007	1.0115219446120463	1.1115844681481941	1.2116474814259441	1.31171082517056	1.4117744348406143	1.5118381223358823	1.6119017300463032	1.7119652473090645	1.8120287474173093	1.9120922743975763	2.012155812573533	2.112219331212048	2.2122828243781956	2.312346307291995	2.412409792458013	2.5124732791007807	2.6125367608011136	2.7126002354219185	2.812663706185145	2.912727176780723	3.012790648187795	3.1128541196908324	3.2129175911688788	3.312981063743583	3.4130445388575903	3.5131080174286646	3.6131714999076414	3.7132349867668832	3.8132984787103625	3.913361976493427	4.013425480689409	4.113488991649622	4.213552509606434	4.31361603475898	4.413679567282842	4.513743107316412	4.6138066549777	4.7138702104047585	4.813933773782477	4.91399734533882	5.014060925323923	5.114124513991446	5.214188111588143	5.314251718349028	5.414315334500783	5.514378960270551	5.614442595854927	5.714506241322316	5.814569896711017	5.914633562746853	6.014697240972718	6.114760929520581	6.214824618243987	6.31488830963276	6.41495206869013	6.515015945904191	6.615079599239532	6.715142378288581	6.815205705641613	6.9152750127629785	7.015347123641098	7.11538532205165	7.215372067094216	7.315517314485624	7.416136821164655	7.516231722685152	7.612889748018593	7.709628517140131	7.827914331113816	7.96554365381298	8.006510480169386
8.00657917732532	7.965606986232511	7.827968631535281	7.709685497196421	7.612948996464879	7.516291231343642	7.416196500064435	7.3155775195190635	7.21543286785002	7.115446675083234	7.015409020217144	6.915337469244341	6.815268736602442	6.715205993904203	6.615143809501533	6.5150807618223245	6.4150175017676565	6.31495437154561	6.2148913208683805	6.11482828499885	6.014765261731626	5.914702261508207	5.814639286516702	5.714576335567896	5.614513408323242	5.514450505161817	5.414387626458216	5.3143247724796865	5.2142619434793565	5.114199139724143	5.014136361485134	4.9140736090366035	4.814010882667507	4.713948182703376	4.613885509540757	4.513822863685887	4.413760245773662	4.313697656547453	4.213635096811292	4.113572567389795	4.013510069105749	3.913447602728989	3.8133851688532094	3.7133227677691076	3.6132603995039148	3.5131980640838356	3.413135761768303	3.3130734928986607	3.2130112574452356	3.1129490549471526	3.012886885330953	2.912824749805592	2.8127626501960594	2.712700586630532	2.612638556503681	2.512576557698576	2.4125145936351022	2.312452672386073	2.2123907967779295	2.1123289565171786	2.0122671384849857	1.9122053506853909	1.8121436262920387	1.7120819838832684	1.6120203820606327	1.5119587489844049	1.4118970960205295	1.311835582662014	1.2117744010100056	1.1117136188910806	1.0116533928801401	0.9115947420156727	0.8115403295029603	0.7114942212680426	0.6114602113367191	0.5114396920573407	0.41143074851060285	0.311429237760795	0.21143093043134828	0.11143310070295208	0.011434836232909074	-0.08856369100120835	-0.18856204033745194	-0.288559286601224	-0.3885528535031556	-0.4885384210342427	-0.5885113699538521	-0.6884687151265428	-0.7884126471719991	-0.8883520144416229	-0.9882873452029239	-1.088184030216006	-1.1880262263089474	-1.28802660180546	-1.3884980111707965	-1.4884276640347034	-1.584908898201112	-1.6815090163751645	-1.7996565861099223	-1.937015952720379	-1.9778831047422525	-1.937009248534882	-1.7996515640852262	-1.6815090794603809	-1.584909212670852	-1.488427506110208	-1.3884979160290392	-1.2880265960579511	-1.188026246420905	-1.088184109290198	-0.9882874943934785	-0.8883522094642379	-0.7884128720751629	-0.6884689688171589	-0.5885116536647459	-0.48853874074006254	-0.3885532374527555	-0.28855974345950813	-0.1885625176298168	-0.0885641464104297	0.011434399073768718	0.11143267316976033	0.21143051145364547	0.3114288279490073	0.4114303478984581	0.5114393000831888	0.6114598272348568	0.7114938444132258	0.8115399595078113	0.9115943786392622	1.0116530359522418	1.111713268357924	1.2117740570241209	1.3118352455815947	1.4118967662830686	1.5119584269428519	1.612020067899552	1.7120816776672894	1.812143328111957	1.9122050608185641	2.012266857489842	2.1123286852186554	2.2123905361455902	2.3124524233408685	2.4125143568374545	2.512576333371138	2.6126383443312617	2.712700385760951	2.812762459341977	2.9128245674229727	3.0128867098307786	3.1129488848901063	3.2130110916776546	3.313073330609223	3.4131356024703288	3.513197907547685	3.6132602456712926	3.7133226166760043	3.8133850205759114	3.913447457354909	4.013509926722767	4.113572428085491	4.2136349606753	4.313697523673427	4.413760116259912	4.513822737635022	4.613885387058853	4.713948063898917	4.814010767650123	4.914073497915646	5.014136254368256	5.114199036716236	5.214261844682176	5.314324677992175	5.414387536377081	5.514450419581244	5.614513327332346	5.714576259244517	5.814639214916935	5.9147021946522	6.014765199587512	6.114828227467781	6.214891267773883	6.314954322629725	6.415017456694775	6.515080720190488	6.615143770861274	6.7152059577825876	6.815268702519106	6.91533743670803	7.0154089887560875	7.115446644401995	7.215432837860061	7.315577489557234	7.416196468375241	7.516291199258677	7.612948972917244	7.709685476603846	7.827968564519617	7.965606912847868	8.00657917732532
8.00697256523921	7.9659766729679085	7.828299807007946	7.710021372834755	7.613295045101604	7.516641065285965	7.416548211700047	7.315931961732877	7.215790574369391	7.1158076431913875	7.0157732103844594	6.91570493153898	6.815639545809687	6.715580215064266	6.61552150289173	6.5154619901326365	6.4154023306209	6.3153428682780595	6.215283554182538	6.115224325136756	6.015165180625847	5.915106132870625	5.815047185954681	5.714988340742011	5.614929599118299	5.514870963849418	5.4148124378415154	5.314754024016796	5.214695725385491	5.114637545057047	5.0145794862237185	4.914521552168763	4.814463746309202	4.714406072274965	4.61434853402501	4.514291135981155	4.41423388313333	4.314176781066089	4.21411983588854	4.114063054088618	4.014006442331499	3.913950007189039	3.813893754803964	3.7138376906088606	3.613781819319474	3.5137261452920328	3.413670672982244	3.3136154070715715	3.2135603522288547	3.113505513126452	3.0134508952248686	2.913396505613782	2.8133423523097103	2.713288441882869	2.61323477836161	2.5131813666193628	2.4131282180234246	2.3130753503287886	2.213022777958995	2.1129705032482424	2.012918525563084	1.9128668653006513	1.8128155693671533	1.7127646719388145	1.612714146512467	1.5126639318520394	1.4126140466536046	1.3125646613500996	1.212515986293513	1.112468104317393	1.0124211632424012	0.9123761408031353	0.8123356433779537	0.7123036900248408	0.6122840381890641	0.512278021722804	0.4122836119783195	0.3122964926712582	0.2123122161027788	0.1123278232024424	0.012342446714573862	-0.08764283449001489	-0.18762622947547572	-0.287605350832192	-0.3875737830229365	-0.48752633309445126	-0.5874605055242188	-0.6873729611793905	-0.7872651564456485	-0.8871450478547843	-0.9870112485431017	-1.0868257841653495	-1.1865707837186092	-1.2864600097009355	-1.3867990811919555	-1.486552207231889	-1.5828260777772614	-1.6792511475664385	-1.7970608235656766	-1.9335112576883906	-1.9740262044154684	-1.9334773706540618	-1.7970320304854266	-1.6792432700082964	-1.5828237264903438	-1.4865503556866337	-1.3867983313309706	-1.2864597307239585	-1.1865705556218884	-1.0868258338710206	-0.9870117401140054	-0.8871458916894212	-0.7872662244312542	-0.6873741970669639	-0.5874618926380564	-0.48752787012191406	-0.3875755371116114	-0.2876076471497347	-0.1876289254435868	-0.08764547247728012	0.012339907456969623	0.11232536257637561	0.21230982184127117	0.31229415808904865	0.41228133161274766	0.5122757902065753	0.612281850637083	0.7123015427011409	0.8123335338455192	0.9123740676121882	1.012419125718861	1.112466102710884	1.2125140219561616	1.3125627364920502	1.4126121636514446	1.5126620925474494	1.612712351983577	1.7127629228930086	1.812813866916457	1.9128652116931242	2.0129169245002485	2.1129689596229095	2.213021297073471	2.313073936813953	2.4131268747460317	2.513180093849829	2.6132335734014087	2.713287299239837	2.8133412643801274	2.913395463708108	3.013449890693251	3.113504538329207	3.2135594011627098	3.3136144755802093	3.41366975860373	3.5137252468805023	3.6137809366002567	3.713836823791583	3.813892904315266	3.9139491735273	4.0140056260106265	4.114062255629655	4.214119055827475	4.314176019961266	4.414233141567605	4.514290414559626	4.614347833370202	4.714405393020511	4.814463089092451	4.914520917622918	5.014578874970783	5.114636957703194	5.2146951625197895	5.314753486212304	5.4148119256549405	5.514870477813021	5.614929139716728	5.714987908368445	5.815046780845315	5.915105755023037	6.01516482971328	6.11522400043441	6.215283254521794	6.3153425920395785	6.415402075769956	6.515461754294397	6.615521283459679	6.715580009318955	6.8156393510036395	6.91570474496386	7.015773029618237	7.115807466544546	7.215790400366086	7.315931786599598	7.416548030862593	7.516640889044623	7.6132949002361014	7.710021213058637	7.828299453952356	7.965976325452907	8.00697256523921
8.0082056382232	7.967182309862742	7.829459423017866	7.711188496226561	7.614480937212149	7.517840089891255	7.417757359429648	7.3171516688034846	7.2170216671982645	7.11705044078315	7.017027849042026	6.916971603963009	6.8169184976513035	6.716871700141123	6.6168257740301195	6.516779305827175	6.416732958462354	6.316687084667997	6.216641643887959	6.116596581557078	6.016551906289938	5.91650763991021	5.816463796597978	5.716420387876437	5.616377426908914	5.516334928385665	5.416292907796389	5.316251381312051	5.216210365861407	5.1161698791495995	5.016129939657699	4.916090566683039	4.816051780440057	4.71601360223353	4.615976054710777	4.515939162168985	4.415902950850362	4.315867449137637	4.215832687588077	4.115798698793814	4.0157655170825315	3.915733178071951	3.815701718134236	3.7156711739591035	3.6156415825121084	3.515612981545681	3.415585410421212	3.3155589107434107	3.215533526641175	3.1155093052004283	3.015486297559053	2.915464560032913	2.815444153706344	2.7154251422947544	2.6154075912447943	2.5153915715788124	2.4153771666360546	2.315364473507958	2.2153535943411735	2.1153446272987178	2.0153376748956675	1.9153328687599047	1.8153303779875023	1.7153303719958168	1.615332970511253	1.515338265624545	1.4153464389096673	1.3153578450778156	1.2153729092748347	1.1153919495447209	1.015415347200105	0.9154443155040681	0.8154817560395027	0.715532122741912	0.6155997746283582	0.5156867542515746	0.41579176822983666	0.31591127235804217	0.21604176952770082	0.11618155945691146	0.016330983071511714	-0.0835078705834086	-0.18333208165011644	-0.2831385036172027	-0.3829245180191066	-0.4826821593711835	-0.5823989652194779	-0.6820658087775917	-0.7816791970823422	-0.8812410642296664	-0.980739892120843	-1.0801244517184068	-1.1793706904859371	-1.2786926930438784	-1.3783594018125591	-1.4772481214191053	-1.5725080378736742	-1.6679962599103482	-1.7845080991417448	-1.9179856136386872	-1.957177111510197	-1.9179269229333902	-1.784456112736198	-1.6679710889321389	-1.5724873181745438	-1.4772330663365945	-1.378352168401386	-1.2786892336898288	-1.17936787273527	-1.080122426819015	-0.9807394718232372	-0.8812422302821067	-0.7816815034263168	-0.6820689296524269	-0.5824027468037104	-0.48268648475541176	-0.38292921050089934	-0.2831430912013182	-0.18333646906127862	-0.08351230166024193	0.01632654744518407	0.116177142076667	0.2160373748109647	0.31590690136629446	0.41578742249144496	0.5156824349133668	0.6155954819449277	0.7155278565348164	0.8154775164423962	0.9154401035544846	1.0154111653534064	1.1153878021171877	1.2153688024401368	1.3153537860954836	1.4153424348585464	1.5153343224239737	1.6153290929107658	1.7153265646012859	1.8153266467636038	1.9153292221999652	2.015334124237853	2.115341185597385	2.2153502746266165	2.3153612865322923	2.415374118778024	2.51538866340931	2.6154048170881845	2.715422490891721	2.815441609826167	2.9154621066542163	3.0154839181100606	3.1155069853727686	3.2155312554592315	3.315556680817699	3.41558321754332	3.515610823914992	3.6156394598934254	3.715669086983505	3.8156996678324657	3.9157311656267666	4.015763543732746	4.115796765816639	4.215830796307497	4.3158656009328515	4.415901147156931	4.515937404473364	4.615974344540246	4.716011941142716	4.816050169994981	4.916089008444554	5.016128435167181	5.116168429919526	5.21620897337119	5.316250047005031	5.4162916330685285	5.5163337145525615	5.616376275137579	5.7164192990737295	5.816462771258164	5.916506677937412	6.016551006822847	6.116595742828999	6.216640863152172	6.31668635820653	6.416732281681261	6.516778673429941	6.6168251802494105	6.716871138979914	6.816917963067115	6.916971090066652	7.017027350630643	7.117049953980937	7.217021188044611	7.317151189210352	7.417756872888315	7.517839620632538	7.614480529567947	7.711188031431153	7.829458541954364	7.967181489594648	8.0082056382232
8.010358731211204	7.969315828324871	7.831566280363615	7.713313042042035	7.616631172532311	7.520012571778294	7.419950032093996	7.319364730417785	7.219255930361354	7.119306500924292	7.019306112547296	6.919272479102776	6.819242446140632	6.7192192105459885	6.619197344954536	6.519175448189061	6.419154200104568	6.319133971590041	6.21911474033529	6.119096470593054	6.019079190739185	5.919062943346205	5.819047764345887	5.7190336880941555	5.619020751764045	5.5190089953180665	5.418998460858839	5.318989192587608	5.218981236956516	5.11897464276023	5.018969461204956	4.918965746017272	4.818963553620541	4.718962943405539	4.618963978120482	4.518966724372287	4.4189712531753536	4.318977640444983	4.218985967340995	4.11899632041052	4.019008791514075	3.9190234775376074	3.8190404799577005	3.719059904482513	3.6190818611242292	3.519106464939112	3.4191338372604387	3.319164106936222	3.2191974113469954	3.1192338976325207	3.0192737246145946	2.9193170648063385	2.8193641049037357	2.719415044433073	2.619470095477067	2.519529487285554	2.4195934744266077	2.3196623403383416	2.2197363906697474	2.11981594534247	2.019901347613329	1.9199929912054965	1.820091333496606	1.720196862805408	1.6203100484782458	1.5204313606640265	1.4205613921096283	1.3207009584786191	1.2208510116566038	1.1210124573171447	1.0211863068539757	0.9213744645798875	0.8215806842777211	0.7218105767048714	0.6220700285245402	0.5223628861049364	0.42268975131615816	0.32304897340876193	0.22343904491184555	0.12386049546201594	0.02431593238658174	-0.0751905904615154	-0.17465411894905847	-0.27406871524116827	-0.3734264410721431	-0.47271534342466504	-0.5719189629995026	-0.6710205426512835	-0.7700081683508121	-0.8688727617977031	-0.9675877739576856	-1.0660897704987813	-1.1643589573230109	-1.2626138515373204	-1.361052447974851	-1.4584098515861856	-1.5519364439000554	-1.6459375688482891	-1.7606578286311751	-1.8900736811543102	-1.927464622136823	-1.8900033489498682	-1.7606067539544181	-1.6459227604643867	-1.5519065838999544	-1.458372753924899	-1.361027843500724	-1.262600669703527	-1.164349109598579	-1.066080503287749	-0.9675800849953845	-0.8688673860953451	-0.7700048353458653	-0.6710187697819927	-0.5719184594344846	-0.47271591143992325	-0.37342780437664813	-0.27407060780809256	-0.17465647916436777	-0.07519343694343421	0.024312664544389743	0.12385689657079206	0.22343517789700465	0.32304488363019934	0.4226854769692288	0.522358459584315	0.6220654752290813	0.7218059150958588	0.8215759280017761	0.921369625544635	1.0211813976652087	1.1210074921618727	1.2208460057344486	1.3206959267483305	1.4205563482348453	1.5204263167951526	1.6203050160815693	1.7201918542426646	1.820086363640253	1.9199880782826197	2.019896512773242	2.1198112109498366	2.2197317777588776	2.319657865870295	2.419589148984097	2.5195253137088494	2.619466068743174	2.719411152820679	2.8193603321899263	2.9193133929835713	3.019270136499759	3.1192303788226448	3.219193951226729	3.319160698752902	3.419130477528701	3.5191031525403162	3.6190785964231966	3.7190566886530325	3.8190373145662524	3.9190203643379706	4.0190057323708395	4.118993317280858	4.218983022273234	4.3189747555776155	4.418968430733011	4.518963966658338	4.618961287505451	4.718960322310622	4.818961004497104	4.918963271325357	5.018967063394699	5.118972324258778	5.218979000158938	5.31898703984427	5.418996394445684	5.51900701737282	5.619018864173516	5.719031892326687	5.8190460612374535	5.919061332864819	6.019077671764677	6.119095040753142	6.219113395931676	6.319132707631492	6.4191530104453705	6.519174325759029	6.619196282053973	6.7192181991431585	6.819241478095673	6.9192715464368115	7.0193052081819545	7.119305619479999	7.219255065960167	7.31936387110558	7.419949169288339	7.520011743600863	7.616630443540503	7.713312217145366	7.831564788428376	7.9693144677465035	8.010358731211204
8.013432128180396	7.972376453420088	7.834616630544419	7.716390048714828	7.619742152234425	7.523155358889445	7.4231228285772355	7.322567673906792	7.2224900098396665	7.122572581073361	7.02260483093562	6.922604456894689	6.82260837132167	6.72261981191447	6.622633369086404	6.522647660998516	6.422663393053978	6.3226809638132435	6.222700379056605	6.1227216320848745	6.022744781776279	5.922769902721046	5.8227970643903335	5.722826336296665	5.622857792521403	5.522891511822127	5.4229275771194185	5.322966075597067	5.223007098997699	5.123050743851495	5.02309711166904	4.9231463091582555	4.823198448499908	4.723253647727257	4.623312031265049	4.523373730652991	4.423438885413674	4.3235076439638815	4.2235801644505795	4.123656615417728	4.023737176241547	3.92382203729967	3.823911399920687	3.7240054763406634	3.6241044900645467	3.524208676954458	3.424318286973401	3.3244335861606897	3.2245548586040553	3.1246824087864176	3.0248165647727983	2.9249576816279728	2.8251061433664653	2.725262362873619	2.625426782583601	2.5255998800518347	2.4257821778027755	2.325974249635247	2.226176716993926	2.1263902431862975	2.026615544135201	1.926853419195527	1.8271047714604909	1.7273705822992815	1.62765186312678	1.5279496724062365	1.4282652423580644	1.3286001014117346	1.2289560128269525	1.1293347895867198	1.0297384143000414	0.930169828083902	0.830633998161418	0.7311381188328143	0.6316901439841498	0.5322963517319088	0.4329598348356897	0.33368123647748005	0.23446112693586424	0.13530210797716066	0.03620938852678509	-0.06280942390946959	-0.1617449241312238	-0.2605860794418254	-0.35931910543015755	-0.4579263218353003	-0.5563861909922182	-0.6546758239746306	-0.752774768551267	-0.8506617662649472	-0.9482959878995736	-1.0456100428905508	-1.1426026887248608	-1.2394936497179876	-1.3363648684432452	-1.431784324377991	-1.5232504782701688	-1.615753023063122	-1.7288714848919515	-1.854150429131243	-1.889666409255308	-1.8540098682255135	-1.7287964417059856	-1.6157888187958331	-1.5232493615909644	-1.4317353296734223	-1.3363196758003215	-1.2394685560176184	-1.142586360505171	-1.0455940124372267	-0.9482801039569787	-0.8506477884421635	-0.7527631284650451	-0.6546661407104356	-0.556378145192466	-0.45791979246951126	-0.3593140285373587	-0.26058238419220386	-0.16174250760961548	-0.06280813878120482	0.03620970367144686	0.1353015977331116	0.23445990919329257	0.3336794068798213	0.43295747634194354	0.5322935367472372	0.6316869326636698	0.7311345581729323	0.8306301247313513	0.9301656733409628	1.029734008802693	1.1293301636689947	1.228951194708655	1.3285951155074447	1.428260109495937	1.5279444117315315	1.6276464945675453	1.7273651286198533	1.8270992593020676	1.9268478787962957	2.026610007757026	2.1263847426391522	2.2261712808636247	2.325968900804829	2.4257769317085716	2.525594743957195	2.6254217560087856	2.7252574391311515	2.8251013118985218	2.924952930612783	3.0248118833937787	3.1246777887050974	3.2245502944833753	3.3244290754016204	3.424313829018419	3.5242042725236624	3.6241001405666187	3.724001183534739	3.823907165780494	3.9238178639841226	4.0237330660929285	4.123652570951201	4.223576188333249	4.3235037389943045	4.423435054508597	4.523369976839311	4.623308357670526	4.723250057565182	4.823194945047696	4.923142895733986	5.023093791610787	5.123047520501475	5.223003975687569	5.322963055623808	5.422924663695469	5.522888707981828	5.62285510097056	5.722823759203868	5.822794603135075	5.922767557630023	6.0227425518896	6.122719514994015	6.222698370844304	6.322679059105633	6.422661585176572	6.5226459422192695	6.622631730918699	6.722618245409952	6.822606867269492	6.922603006107308	7.022603425195693	7.12257121413181	7.222488674250894	7.322566353380521	7.423121511819145	7.52315410086855	7.619741043111903	7.716388802163937	7.834614422713589	7.972374457821279	8.013432128180396
8.017425581445991	7.976364583586261	7.838611775925006	7.720420315509645	7.623814297131084	7.527269088239654	7.427276585597976	7.326761425071126	7.226724921902205	7.126849810847531	7.026925251142581	6.926968900885439	6.827017756055047	6.727075110392735	6.627135579365878	6.527197807274919	6.42726253383649	6.327330194935837	6.227400834349965	6.127474484706914	6.0275512461919085	5.927631236753678	5.827714571264919	5.727801366794437	5.627891747305647	5.527985843944275	5.428083794714496	5.328185744781707	5.228291846976053	5.128402262220745	5.028517159902888	4.928636718239308	4.828761124676455	4.728890576392164	4.629025280994189	4.529165457489513	4.429311337526499	4.329463166826808	4.229621206673117	4.1297857353150835	4.029957049173615	3.930135463751525	3.8303213142490957	3.730514956084847	3.6307167657385233	3.530927142322461	3.431146509940325	3.3313753205202525	3.231614056919483	3.131863236650349	3.032123416678362	2.9323951986789623	2.832679232919945	2.7329762198641108	2.633286912007806	2.53361212042318	2.43395272636093	2.3343096907649135	2.2346840545701103	2.1350769359881165	2.0354895435211504	1.9359232111669025	1.8363794277182988	1.7368598215028475	1.6373661155130788	1.5379001397664638	1.4384639598890865	1.3390600243939117	1.2396911388283456	1.1403602824703991	1.0410706752588754	0.9418265239371922	0.8426341702539818	0.7435025089029478	0.6444416993062225	0.5454606519297486	0.446565177700674	0.34775839248794926	0.24904307925510102	0.15042418479828565	0.05191000316389484	-0.046487875132592976	-0.14475540500981726	-0.2428766378524881	-0.34083277338060874	-0.43860087384152463	-0.5361540747922677	-0.6334638248047533	-0.7305021179008542	-0.8272371818113393	-0.9236202575472098	-1.0195942566484664	-1.1151860555823936	-1.21058885121452	-1.3057101369602764	-1.3990016818996842	-1.4885135136747933	-1.5801415489819224	-1.692202352641232	-1.8126025431011177	-1.8457215718949098	-1.8122321865831594	-1.691970733759878	-1.5802501812862764	-1.4886019743401449	-1.3989722811617575	-1.305650657082458	-1.2105533706174705	-1.1151676695904844	-1.0195773417331009	-0.9236012753687156	-0.8272183686307727	-0.7304849258586179	-0.6334482764826433	-0.5361399358624453	-0.4385881453382379	-0.3408215877860826	-0.24286708384728536	-0.14474746143770206	-0.04648143842942384	0.051915073625736566	0.1504280350972618	0.24904583706513284	0.3477601644717243	0.4465660585078234	0.5454607292609523	0.6444410534136142	0.7435012100180458	0.8426322793090067	0.9418240970997035	1.0410677671870299	1.1403569444387334	1.239687414071815	1.3390559460528282	1.4384595539025846	1.537895430573335	1.6373611310630074	1.7368545956095116	1.836373999649899	1.9359176233047815	2.0354838381496156	2.1350711521944543	2.2346782259323787	2.3343038440852584	2.4339468813713627	2.5336062902813206	2.6332811044382196	2.7329704388033838	2.832673480402943	2.9323894765544543	3.0321177277336164	3.1318575849271433	3.23160844732313	3.331369758078058	3.431140999125579	3.530921686722683	3.6307113681188983	3.730509618711184	3.830316039267197	3.930130253467085	4.029951906177602	4.129780662486249	4.229616207125304	4.329458243857166	4.429306494587965	4.5291606981831025	4.629020609065869	4.728885995722978	4.828756639263857	4.9286323321744945	5.028512877349857	5.128398087398571	5.228287784138704	5.328181798182438	5.42807996853723	5.5279821421850235	5.627888173594565	5.727797924162932	5.82771126187903	5.927628061649106	6.027548205052287	6.127471575721868	6.227398054173709	6.327327538745707	6.427259995475499	6.5271953794618165	6.627133253951071	6.727072878586744	6.827015608541905	6.926966828081709	7.026923244365514	7.126847863539269	7.226723025278828	7.326759557969629	7.427274733573537	7.527267326049731	7.623812744783331	7.720418580628321	7.838608741994312	7.976361856330144	8.017425581445991
8.022340434368868	7.981281833220349	7.8435537970850095	7.725405801626429	7.628849404337442	7.532355644641687	7.432413350508368	7.331948134812405	7.231962894292053	7.132140504223485	7.03226978179331	6.932368315662855	6.832473201237531	6.732587804619691	6.632706773929132	6.5328287862454495	6.4329546242437265	6.333084770741069	6.233219317363349	6.1333583462665064	6.033502009656548	5.93365048008261	5.83380392957115	5.733962535021885	5.6341264831098234	5.534295970793719	5.434471205229542	5.334652404331473	5.2348397975436365	5.135033626527521	5.035234145763727	4.935441623107707	4.835656340340269	4.735878593803986	4.636108695267271	4.536346973151885	4.436593774184611	4.33684946542442	4.237114436527565	4.137389102073424	4.03767390376884	3.9379693123679305	3.8382758292340777	3.7385939876856322	3.6389243545289465	3.5392675322530422	3.4396241620893506	3.3399949277740806	3.24038055988487	3.1407818410984705	3.0411996128166976	2.941634782551507	2.8420883300833886	2.74256131104498	2.6430548600093062	2.543570197810604	2.4441086446515254	2.3446716329492947	2.245260712232605	2.1458775502680094	2.0465239485586006	1.947201881838376	1.8479135372855948	1.7486613120491148	1.6494477737253086	1.550275665668592	1.4511480311753369	1.3520683834394571	1.2530407239826746	1.1540693706810299	1.0551589550823919	0.9563150693124075	0.8575454310438935	0.7588605116696684	0.660272508515934	0.561792873497829	0.4634301960364556	0.36519027351844224	0.26707842189322784	0.16910227713648435	0.07127330094423796	-0.026393392496327706	-0.1238801832777719	-0.22116746514694388	-0.3182327206003123	-0.41504932555932256	-0.5115866508858214	-0.6078117829246967	-0.7036905520680026	-0.7991842155975644	-0.8942458541014142	-0.9888423432496839	-1.0830223104345011	-1.176896793738881	-1.2701530169648818	-1.3613032930461075	-1.4494106831293103	-1.5413394653612729	-1.6526081619238318	-1.7650625279091918	-1.7941012143498398	-1.7642339094973323	-1.6519493008778878	-1.5414765447313903	-1.4496415200773751	-1.3613387100336676	-1.2700963540565613	-1.1768551184019147	-1.083006192567462	-0.9888315685021872	-0.8942315532433611	-0.7991676500010171	-0.7036739916979327	-0.6077958483573646	-0.5115712669697213	-0.4150345395749755	-0.31821876086191486	-0.22115457019720894	-0.12386851095497377	-0.02638301519261724	0.071282391275389	0.1691101395323278	0.2670851148008674	0.3651958396960187	0.4634346726174513	0.561796304592195	0.6602749501718677	0.7588620289219544	0.857546094292437	0.9563149533997397	1.055158136516033	1.1540679193393808	1.2530386938744635	1.3520658104741778	1.4511449400902943	1.5502720809009745	1.6494437275199871	1.7486568466724424	1.8479087021501601	1.9471967281416036	2.046518524031618	2.1458718957702514	2.245254860786125	2.3446656107955453	2.444102473384221	2.5435638966812517	2.643048447869266	2.742554807714191	2.84208175704186	2.9416281628365555	3.0411929700835705	3.1407751980398575	3.2403739364801663	3.3399883399508092	3.4396176212260867	3.5392610456097784	3.6389179263431797	3.738587620488683	3.8382695249776395	3.937963073138945	4.037667732086717	4.137383000904837	4.237108409185932	4.3368435154728555	4.436587905387959	4.536341189469748	4.636103000860792	4.7358729930358034	4.835650837762241	4.935436223441523	5.035228853881048	5.1350284474308205	5.234834736340589	5.334647466188603	5.434466395287824	5.534291294032083	5.634121944152502	5.73395813790043	5.833799677467305	5.933646375088255	6.033498052587087	6.13335453655316	6.233215653030301	6.333081248452918	6.432951239399879	6.532825533109332	6.6327036457822475	6.732584793868595	6.832470299385586	6.932365513504762	7.032267070816363	7.13213787807734	7.231960343062198	7.331945632000652	7.432410878165857	7.532353300008871	7.628847341124696	7.725403506790366	7.843549822635757	7.981278276253489	8.022340434368868
8.028178630845671	7.98713021479717	7.849444829291565	7.73134862662034	7.634849600564564	7.538417227626055	7.438535405836008	7.3381301467841995	7.238206320954305	7.1384471085882755	7.038640927131282	6.938805262210368	6.838977323537056	6.739160566337994	6.6393496791479	6.539543378270952	6.439742497750273	6.339947576743038	6.240158764370407	6.140376202282712	6.040600105161866	5.940830711119625	5.841068260784851	5.741313002830104	5.641565199103716	5.541825125393022	5.442093071616047	5.342369342689377	5.2426542596221415	5.142948160517505	5.043251401455969	4.943564357282192	4.84388742233349	4.744221011223366	4.644565559872011	4.544921526990389	4.445289396151493	4.345669678450997	4.246062915631322	4.14646968346243	4.0468905951377545	3.947326304444525	3.8477775085440973	3.7482449504110082	3.6487294212782757	3.5492317635976702	3.44975287485845	3.350293712281661	3.2508552983782497	3.1514387277445155	3.0520451755556928	2.9526759071751276	2.853332286753689	2.754015782963359	2.6547279733289555	2.555470551989925	2.4562453437724314	2.3570543200888427	2.257899608766219	2.158783499596431	2.0597084622505757	1.9606771891356403	1.861692644124214	1.7627580745409857	1.6638769792745394	1.565053105149229	1.4662905583624277	1.367593989256302	1.2689686591712888	1.1704202936428836	1.0719550066314336	0.9735797991862652	0.8753036640821809	0.7771383933390922	0.6790978926522355	0.5811959185060418	0.4834438213178553	0.38585025642051607	0.28842325764778987	0.19117308778308023	0.09411389248444275	-0.002736503313814693	-0.09935792718506434	-0.1957283328915795	-0.29182292910051955	-0.3876132918974064	-0.4830672611215347	-0.5781495817397582	-0.6728220383410468	-0.767043710187498	-0.8607790949671431	-0.9540239134145676	-1.0468208042128433	-1.1391330100058261	-1.2304435512417602	-1.3196513011514748	-1.4073316445790596	-1.5008798894351902	-1.6103988151442488	-1.7089942367186266	-1.7311726228765547	-1.707553907965297	-1.6089756412541414	-1.5008934458026273	-1.407698184956043	-1.319792425762111	-1.2304182388428317	-1.139093307021788	-1.0468089761340607	-0.9540233873540926	-0.8607758235438708	-0.7670362164334327	-0.6728126099318927	-0.5781394078507163	-0.48305649192213373	-0.38760196478133546	-0.29181125690775744	-0.19571661583019104	-0.09934645282719456	-0.0027255040823497964	0.09412427126754602	0.19118276537098033	0.28843215826310475	0.38585829248561726	0.4834509056801801	0.5812019870080845	0.6791029195249084	0.7771423925757467	0.8753066826800009	0.9735819078182513	1.0719562861473677	1.170420816920152	1.2689684762069127	1.3675931251881004	1.4662890250871365	1.5650509175641756	1.6638741660958751	1.762754679547174	1.8616887198381387	1.9606727877184076	2.0597036280619303	2.1587782659950596	2.25789399947403	2.3570483536913422	2.45623903920444	2.55546393315694	2.654721071845897	2.7540086387633167	2.8533249467456825	2.952668422314997	3.052037596873277	3.1514311021155765	3.2508476649896036	3.3502861006128017	3.4497453045526294	3.549224245996339	3.6487219619206805	3.7482375516522772	3.8477701716327855	3.9473190307741413	4.046883386744342	4.146462543042184	4.24605584637231	4.345662683875189	4.4452824800392525	4.5449146933740305	4.644558813055829	4.744214355797606	4.8438808631718695	4.943557899527763	5.043245050502826	5.142941921989667	5.242648139341949	5.342363346621244	5.442087205770448	5.541819395681332	5.641559611146454	5.741307561735715	5.841062970928247	5.940825575953629	6.040595127087372	6.14037138258612	6.240154103215016	6.33994307318375	6.439738149742312	6.539539182669721	6.639345631708356	6.739156661647611	6.838973554796573	6.9388016213316694	7.038637406384641	7.138443702336621	7.23820301837213	7.338126915625692	7.43853222437143	7.538414218343453	7.634846954661741	7.731345695279233	7.849439793936268	7.987125726421018	8.028178630845671
8.034941902193221	7.99391149024986	7.856286692671437	7.738250624795932	7.641816746281447	7.545455733334192	7.445644674518768	7.345309401104007	7.245457156825626	7.145771594238317	7.046040672035661	6.946281737706736	6.846532129860201	6.746795409731541	6.647066313926436	6.547343604121924	6.44762817381313	6.347920627581739	6.248221181341584	6.148530045818768	6.048847508208915	5.949173882700916	5.849509489493137	5.749854660451321	5.650209744489976	5.550575108615973	5.450951138430124	5.351338239341263	5.251736838028014	5.152147383802835	5.052570349824196	4.953006234155564	4.85345556070167	4.75391888015337	4.654396771182235	4.554889842166616	4.4553987336661915	4.355924121714102	4.256466721830566	4.157027293538223	4.057606645089246	3.95820563808734	3.858825191735965	3.7594662866356243	3.6601299683708106	3.5608173513779917	3.4615296235512774	3.362268051794671	3.263033988663492	3.163828880530027	3.0646542777725925	2.965511846470631	2.8664033793941606	2.767330803914726	2.668296187525088	2.5693017456652405	2.470349856042256	2.371443076933984	2.2725841618732776	2.1737760699640245	2.075021985950038	1.9763253648459074	1.8776899883859115	1.779119991785428	1.6806198418610134	1.5821943240317218	1.4838486325077325	1.3855885570649624	1.2874205954049234	1.1893518462311692	1.0913898730610825	0.9935430285638083	0.8958214309688831	0.7982379068358713	0.7008077101208405	0.6035466255903732	0.5064686862466077	0.40958544962903687	0.31290758370647853	0.21644753206011663	0.12022130455005098	0.02424850535333396	-0.07144896334708278	-0.16684761722593244	-0.26192179673994714	-0.35664301478537286	-0.45097947620254075	-0.5448953889682189	-0.6383509503540733	-0.7313080433118511	-0.823748027589805	-0.9156863321339723	-1.0071166515151202	-1.0978146455045519	-1.1871843375755882	-1.274930877654753	-1.3634207446346234	-1.4593542399199628	-1.5636791894538828	-1.6410213722776434	-1.6538789017875692	-1.6391886608017943	-1.5613691301696213	-1.4589614207101589	-1.363804485543012	-1.2751913242662662	-1.1872243369271007	-1.0977908527078484	-1.0071103767851437	-0.9156963704630718	-0.8237585317137336	-0.7313138282876629	-0.638353216527231	-0.5448955920589551	-0.45097803875314146	-0.3566399870211532	-0.26191730683566006	-0.1668419080346478	-0.07144232370983986	0.024255796316215508	0.12022902037987841	0.21645548018839278	0.31291556081760435	0.40959323360822947	0.5064760507748309	0.6035533709586	0.7008136915492517	0.798243046495271	0.8958257136075959	0.9935464855537601	1.0913925576115997	1.1893538052870247	1.2874218500853003	1.3855891016898283	1.4838484503830633	1.582193407607906	1.6806182047432692	1.7791176678942122	1.877687021548311	1.9763217957460588	2.0750178427663024	2.1737713660509006	2.27257890036795	2.371437259609319	2.4703434928331807	2.5692948619268687	2.668288827460194	2.7673230299067946	2.866395267810949	2.9655034809538923	3.064645741340132	3.1638202480391335	3.26302532115116	3.3622593937521583	3.4615210033653	3.560808784280551	3.660121460652357	3.759457839802488	3.8588168056800343	3.958197312931532	4.0575983818888774	4.157019094281229	4.256458589178364	4.355916058766535	4.455390743850973	4.5548819292325025	4.654388939234916	4.753911133687013	4.8534479046089665	4.952998673719859	5.052562890702005	5.152140031998952	5.25172959985656	5.351331121360653	5.450944147341051	5.550568251119535	5.6502030271157215	5.749848089377831	5.849503070390518	5.949167620620572	6.048841407530136	6.148524110238456	6.248215413870907	6.347915030502422	6.447622748561071	6.547338351110481	6.64706123234292	6.746790497250844	6.846527382193546	6.946277148578556	7.04603623509486	7.145767305075166	7.245453003947196	7.345305346140899	7.445640691787999	7.545451973581023	7.6418134420764865	7.738246975574611	7.856280468952005	7.993905963784151	8.034941902193221
8.042631424902757	8.001626861278135	7.8640806348176495	7.746113046551597	7.649752082627646	7.553472391786399	7.453742371602776	7.353487093267272	7.253716575288912	7.154115110305983	7.0544701381859	6.954798832412802	6.855138674935706	6.755493349807076	6.655857649088917	6.556230385592298	6.4566125199360975	6.357004730777379	6.257407309645306	6.15782054540388	6.058244807241808	5.958680495343625	5.859128019807267	5.759587806427502	5.66006030233749	5.560545977348284	5.461045324780598	5.361558863052649	5.262087137544322	5.162630722363726	5.0631902219307205	4.963766272348921	4.8643595425828865	4.7649707355828035	4.665600589641267	4.566249880337704	4.466919423376772	4.36761007847094	4.268322754221178	4.16905841378476	4.069818081010221	3.9706028466562926	3.8714138743164686	3.7722524058175457	3.6731197661716113	3.5740173684887413	3.4749467193695804	3.3759094251687483	3.2769071994539516	3.1779418721951864	3.079015401255262	2.9801298857847667	2.881287579319716	2.782490899758037	2.683742436018403	2.5850449556494635	2.48640141868226	2.3878149974442247	2.289289095621208	2.1908273634121507	2.092433719430894	1.9941123952031838	1.8958679963907545	1.797705543095763	1.6996304600950345	1.6016485560698435	1.5037660861452704	1.405989925572536	1.3083277176836285	1.2107878187855972	1.113379127659036	1.016111238068813	0.9189952416011802	0.8220447536952645	0.725276059602237	0.6287066930278473	0.532353209812769	0.43622995227075473	0.3403499334338761	0.24472715404686704	0.14937857131186147	0.054324554240916624	-0.04041214287545206	-0.13480755372955586	-0.22883633539460727	-0.3224710869190536	-0.41568135796672195	-0.5084318905354862	-0.6006835421238846	-0.6924045967560764	-0.7835916031401421	-0.8742573208447753	-0.9643059944603615	-1.0533495855931345	-1.1409518295734913	-1.2279929854147518	-1.3183167851109032	-1.415752627052545	-1.5090736657785961	-1.558158793847137	-1.5631209460569226	-1.5568912451163972	-1.50625148537474	-1.4145864043279897	-1.3185015179394717	-1.2283325525304474	-1.1410785284314293	-1.0533595818553192	-0.964309057686585	-0.8742764789483697	-0.7836153384737302	-0.6924248395787906	-0.6006995210770151	-0.5084447994212323	-0.41569184158989353	-0.32247927864352677	-0.22884229527808023	-0.13481141912951713	-0.04041411863708126	0.05432424907554382	0.14937973204216004	0.24472956252903946	0.3403533372701556	0.4362340634075152	0.532357717419076	0.6287112962015553	0.7252805057579614	0.8220488642580828	0.9189989161534653	1.016114437723612	1.1133818441160848	1.21079004102581	1.3083294113364285	1.4059910339621926	1.5037665486442235	1.6016483294873327	1.699629529735359	1.7977039188740793	1.8958656983454358	1.9941094370481118	2.0924300980207917	2.1908230580704715	2.289284076651194	2.387809239829572	2.486394915947725	2.5850377298204696	2.6837345415456575	2.7824824211238766	2.8812786233336287	2.980120570359499	3.079005842929248	3.177932174840075	3.2768974463039937	3.3758996754334785	3.474937009433139	3.5740077165036888	3.6731101781767395	3.7722428815516773	3.8714044115245403	3.970593443523109	4.069808737036929	4.169049129739903	4.2683135317658785	4.367600919831361	4.466910331191187	4.56624085764757	4.665591639944416	4.764961862884906	4.864350751421534	4.9637575677915695	5.063181609555684	5.162622208228432	5.262078728137211	5.361550565221319	5.46103714563178	5.560537924124607	5.660052382288089	5.759580026698529	5.85912038737795	5.958673017020025	6.058237489695794	6.157813395216775	6.257400333295133	6.356997934507146	6.456605909472422	6.556223965748917	6.655851423320213	6.755487319667777	6.8551328393678705	6.954793187587532	7.054464679704098	7.154109835514453	7.253711472305086	7.353482117264575	7.45373749289533	7.553467792701912	7.649748041184883	7.746108593517366	7.864073088017173	8.001620184773621	8.042631424902757
8.051247700383385	8.010276839430261	7.872827175497187	7.7549363844566885	7.658656054355419	7.56246759713016	7.462828842519994	7.362663516695014	7.26298481259943	7.163477831311142	7.063929433703304	6.964356582837426	6.864796918117118	6.765254262988647	6.66572347200954	6.566203414437979	6.466695125197184	6.367199365140937	6.267716509655169	6.168246934170368	6.068791098667994	5.969349498523704	5.869922643296144	5.770511062624082	5.671115312130154	5.571735975060396	5.47237366345326	5.373029020114734	5.273702720906208	5.174395476942647	5.075108036583437	4.975841187157195	4.8765957564170765	4.777372613870598	4.678172672301631	4.578996889906648	4.47984627344129	4.380721882619321	4.281624835788224	4.18255631670445	4.083517582082385	3.984509969484817	3.8855349050700547	3.7865939107892057	3.6876886109006795	3.5888207380499346	3.4899921394246753	3.391204783524175	3.2924607680629587	3.193762329680277	3.095111856140669	2.9965119008185694	2.897965197409308	2.7994746717377965	2.7010434495642324	2.6026748639174055	2.5043724679690307	2.406140055415928	2.3079816831271835	2.2099016909442315	2.1119047251603176	2.013995781077699	1.9161802654422713	1.8184640476461185	1.7208534635451906	1.6233552906295812	1.5259767805910034	1.4287258062911707	1.3316110308977172	1.2346419113624303	1.1378285266409365	1.0411815845851364	0.9447130273592775	0.848437075141022	0.7523707628418226	0.6565330386564489	0.5609426668633077	0.4656164704620516	0.3705693958047	0.2758163655517177	0.18137442930423253	0.08726373953843865	-0.006493026426332326	-0.09987218023226282	-0.19284931134900357	-0.28539839954762897	-0.3774903185825169	-0.4690907283347716	-0.5601627341502888	-0.6506817489450392	-0.7406501886103091	-0.8300500206447347	-0.9186798388586739	-1.0060916912938804	-1.0922946625513192	-1.1794306921365074	-1.2716872684337177	-1.3668907979918827	-1.4410037688221324	-1.4631781941501232	-1.4642820249511634	-1.4628416504425286	-1.4387064241438015	-1.3649502767281176	-1.2714450253414664	-1.1797345486206823	-1.092494115382871	-1.0061498040205974	-0.9186995410613024	-0.8300775917282572	-0.740684981609798	-0.650715478791945	-0.5601924718212428	-0.4691168383395036	-0.3775134696544051	-0.28541883712953336	-0.19286709303425253	-0.09988737670384353	-0.006505758378807594	0.08725334844737716	0.18136625406874354	0.27581023907601954	0.3705651055552776	0.4656137550719797	0.560941220807891	0.6565325380689412	0.7523709053837161	0.8484376148322486	0.9447137883919439	1.0411824499366966	1.1378294093163008	1.234642723774506	1.3316116680546815	1.4287261497663604	1.5259767174234318	1.6233547331648366	1.7208523577507167	1.8184623659272492	1.9161779889612083	2.0139928812256	2.111901153021867	2.2098973790045737	2.3079765579630838	2.406134056209284	2.5043655645332397	2.602667069159049	2.701034823682156	2.799465317823217	2.8979552498929984	2.996501509387493	3.0951011684161105	3.193751476050345	3.292449851432199	3.3911938753920086	3.4899812819880864	3.5888099505391313	3.687677897624552	3.786583268563573	3.885524328583881	3.984499454242834	4.08350712539328	4.182545917540548	4.2816144942702605	4.380711599583004	4.479836050235273	4.578986728378822	4.678162574869383	4.77736258359273	4.8765857970315	4.9758313030823675	5.075098232893799	5.174385759325988	5.273693095605031	5.37301949385153	5.472364243343919	5.57172666852927	5.671106126849893	5.770502006506531	5.869913724551148	5.9693407257788875	6.068782481109629	6.168238481634877	6.267708232585498	6.367191274333772	6.466687231318495	6.5661957273711025	6.665716000138142	6.765247012382747	6.864789891542951	6.9643497794620055	7.063922851618566	7.16347147016399	7.262978660437927	7.362657521957569	7.462822971608066	7.562462067618165	7.658651194003573	7.7549310375442575	7.87281816404636	8.010268896042232	8.051247700383385
8.060790512686065	8.019861195219937	7.882526038390417	7.764720304937813	7.668528251404011	7.572440857824517	7.472903517738831	7.372838020180372	7.2732611284985405	7.173858921652352	7.074417621937295	6.974953945011843	6.875505701298861	6.776076869878504	6.6766623744636036	6.5772611455808745	6.477874299080082	6.378502685524072	6.27914677172887	6.179807027392058	6.0804840113065195	5.98117832240513	5.8818905783900925	5.782621421726991	5.683371525804081	5.584141596863974	5.484932375502377	5.38574463902812	5.286579204180527	5.187436929775199	5.08831871912954	4.989225522177588	4.890158337244568	4.791118212615725	4.692106248235944	4.5931235980156035	4.494171473222747	4.395251147301374	4.2963639622285985	4.197511336293596	4.0986947729937775	3.9999158705894184	3.901176331737137	3.8024779726117126	3.703822731129659	3.605212674289013	3.5066500050415765	3.40813706932696	3.309676363978893	3.2112705463463835	3.112922446476859	3.0146350819209777	2.91641167340293	2.8182556581382876	2.7201706988792167	2.6221606912125903	2.5242297753174183	2.426382356137656	2.328623128649342	2.2309571018726984	2.133389623810516	2.035926420726187	1.938573657222722	1.8413379946446957	1.744226608950859	1.6472471671085493	1.5504078322937411	1.4537173749792325	1.3571853471406388	1.2608221441171508	1.1646388633785096	1.068647205022808	0.9728598687968498	0.8772915292156231	0.7819596628485777	0.6868841549110541	0.5920854325624602	0.49758230128497927	0.4033912005782393	0.309527499158386	0.21600774641484485	0.12285118954941146	0.030079739931825555	-0.06228344466465208	-0.15421471066072673	-0.24568892900891492	-0.33667758203686166	-0.4271470902240168	-0.5170631303219416	-0.6064052334734569	-0.6951673438983285	-0.7832783964051885	-0.8704528824165854	-0.95633934071635	-1.0415941688353856	-1.1292110385192218	-1.2217127132452639	-1.3087532581655918	-1.3565671177847805	-1.3631637681757969	-1.3631349098003407	-1.363156126099065	-1.3554969791131257	-1.3065444839238858	-1.2209138551062257	-1.129307453290038	-1.041806252460148	-0.9564450640445135	-0.8704958626555648	-0.7833150527213059	-0.6952109415270324	-0.6064504258152829	-0.5171055076183801	-0.42718586020058336	-0.3367131344009314	-0.24572153198347438	-0.1542444436358414	-0.06231036537705682	0.03005555878001909	0.12282969580636766	0.21598888296759516	0.3095111692562556	0.40337726994712997	0.4975705889478962	0.5920757052981339	0.6868761406807535	0.7819530819230369	0.8772861271652218	0.9728554340608825	1.0686435644034282	1.1646358621092991	1.2608196247447379	1.3571831402047765	1.4537153060799894	1.5504057397993498	1.647244918665411	1.7442241063986084	1.841335164260531	1.9385704305202265	2.035922715705645	2.1333853357881027	2.230952108118187	2.328617305082359	2.4263756000913594	2.524222027138554	2.6221519488164042	2.720161022036431	2.818245162046823	2.916400513367016	3.014623432566533	3.1129104798177973	3.2112584130281334	3.30966418103266	3.408124915923597	3.506637925576507	3.605200686396194	3.7038108354841244	3.802466161756527	3.9011645963081243	3.9999042026148968	4.098683166900018	4.1974997886238015	4.296352470964659	4.395239711314052	4.49416009201463	4.593112271698828	4.69209497761715	4.79110699928647	4.890147183629725	4.98921443153568	5.08830769551707	5.1874259779889655	5.286568329688664	5.385733847899906	5.48492167435121	5.584130992825174	5.683361026574085	5.782611035685699	5.881880314808443	5.981168191705897	6.080474025306953	6.179797199427129	6.279137116547867	6.378493218881568	6.4778650370152615	6.577252103486638	6.676653566088708	6.776068306239393	6.875497389414506	6.974945887482768	7.074409819835464	7.173851377477322	7.273253830596282	7.372830910046824	7.4728965581126054	7.57243430553514	7.6685224884548315	7.76471397051316	7.882515414629877	8.019851863950162	8.060790512686065
8.071258923400437	8.030378951653146	7.893176144445117	7.775463648188171	7.67936741678775	7.583390809657158	7.48396492860062	7.38400902649924	7.2845438284502535	7.185256562006898	7.08593275219323	6.98658882964416	6.887262788659389	6.787958779795884	6.68867180218371	6.5894008519129725	6.490147131770629	6.390911588870814	6.291694788297613	6.192497300913357	6.093319791478116	5.994162969932317	5.89502756983796	5.795914354449776	5.696824123115842	5.597757713481772	5.498716003296517	5.39969991313784	5.3007104095478	5.2017485081268795	5.102815276410536	5.0039118364065365	4.905039366732406	4.806199104466306	4.707392347049404	4.608620454750534	4.50988485424497	4.411187043744734	4.312528599895351	4.213911186405579	4.1153365641543065	4.01680660231459	3.91832328983903	3.8198887465358116	3.7215052330701073	3.62317515960894	3.5249010933443468	3.4266857655414755	3.3285320789890807	3.230443116892827	3.1324221542694364	3.034472672242531	2.9365983739432555	2.8388031989655254	2.7410913338235834	2.6434672197547546	2.545935563668391	2.448501357657065	2.3511699058909743	2.2539468521885513	2.1568382063992404	2.059850379708474	1.9629902392930658	1.8662651695671848	1.7696831031718119	1.6732525042186541	1.5769823528496494	1.480882216586193	1.3849624131488096	1.289234121637121	1.1937092949867167	1.098400496965959	1.0033210898987095	0.9084860434358734	0.813912906354039	0.7196218727182433	0.6256342922749871	0.5319703520825374	0.43864766363854424	0.3456819169729316	0.2530890466331498	0.16088721530055508	0.06909738700093973	-0.022257568821158622	-0.11315395424087864	-0.20356647019858753	-0.2934660917591555	-0.3828190911312736	-0.47159199660839835	-0.5597618411238942	-0.6472994591425053	-0.7340740611408818	-0.8197691986736246	-0.904264544931783	-0.988829912361352	-1.076371124358275	-1.1655007213480117	-1.2373310901460353	-1.2612708309232041	-1.2624913191644493	-1.262416474144412	-1.2625156545938683	-1.2610007373764303	-1.2356108259388243	-1.164212770576579	-1.0761027406395438	-0.9889639102074149	-0.9043916568604434	-0.8198332768311275	-0.7341199991679839	-0.6473499593969864	-0.5598160031624535	-0.4716451576024628	-0.3828693828426362	-0.2935133290504658	-0.20361073598831358	-0.1131952755728481	-0.022295979923672625	0.069061853198885	0.16085454679926883	0.2530592137446978	0.3456548657214643	0.43862331845484814	0.5319486054166184	0.6256149949089189	0.7196048368468599	0.813897922324952	0.908472900270893	1.0033095877265883	1.0983904463915324	1.1937005074745115	1.289226399949299	1.3849555498665194	1.4808760032286026	1.5769765952049726	1.673247035038889	1.7696777841890596	1.8662598806079054	1.9629848595699568	2.059844770783606	2.156832205594896	2.2539402803697937	2.351162587551416	2.44849314694465	2.545926368660545	2.6434570185747344	2.741080178916442	2.838791208911416	2.9365857149039347	3.034459533175136	3.132408721141949	3.2304295510456233	3.328518503429963	3.42667226065431	3.524887700956461	3.6231618924547844	3.7214920859943206	3.8198757063450364	3.9183103420762175	4.016793734707095	4.115323767521349	4.213898454185408	4.312515927285659	4.411174427029559	4.5098722904776505	4.608607941717839	4.707379883366286	4.806186689679847	4.905027001375005	5.003899521988196	5.10280301536563	5.201736303738267	5.300698265870994	5.399687834947764	5.498703996081853	5.597745783514717	5.696812277622857	5.795902601894395	5.895015920296287	5.994151435498883	6.09330838659714	6.192486042505748	6.291683695561671	6.390900682682189	6.490136433701524	6.58939038301611	6.688661581725844	6.787948823918185	6.887253108859229	6.98657943225456	7.085923641688401	7.185247744292531	7.284535292585337	7.38400070691305	7.483956784798518	7.5833831420735685	7.679360666350483	7.775456229724072	7.893163755616719	8.030368108306204	8.071258923400437
8.08265129349119	8.041828408226555	7.904775642400843	7.787164464189867	7.691171486606454	7.595315258576311	7.496010752652855	7.396174080735523	7.296830315517114	7.197668005006821	7.098471919289572	6.999258165661797	6.9000649343521445	6.8008965628027775	6.701748131410184	6.602618705568918	6.5035095803642875	6.404421805591546	6.305356050657597	6.206312993628827	6.107293411462907	6.008298131575604	5.909328010070123	5.810383937865164	5.711466847317111	5.6125777146665605	5.513717562113828	5.4148874608730475	5.316088534696063	5.217321963398643	5.118588986190922	5.019890904662081	4.921229085324275	4.822604961796496	4.724020036949161	4.625475885533628	4.526974157902045	4.428516585345557	4.330104987374957	4.231741281012808	4.13342749191414	4.035165766879295	3.936958387050272	3.838807780856052	3.7407165357587266	3.6426874081806733	3.544723331589671	3.446827423326617	3.3490029911822408	3.251253540977311	3.153582786459372	3.055994662318077	2.9584933396125663	2.8610832409857125	2.763769052745598	2.6665557339204544	2.569448527103958	2.4724529772301946	2.3755749591688096	2.2788207079677085	2.1821968466213058	2.0857104172935554	1.9893689282415754	1.8931804132221774	1.797153472839188	1.701297268957209	1.6056214974192788	1.5101364203117347	1.414853001227863	1.3197830471768708	1.224939184745403	1.1303346762073585	1.0359834159767598	0.941900493796753	0.8481031574662267	0.7546112672513299	0.6614463426217474	0.5686294179667882	0.47617919448843504	0.3841119887296603	0.292443543576715	0.20119129297603544	0.11037558865565725	0.020019516067107553	-0.0698520717181762	-0.15921218803054785	-0.24802967136872164	-0.33626843644293436	-0.42389155970923	-0.5108645030205559	-0.5971241438949961	-0.6824891414088984	-0.7666683504814972	-0.8497971471138244	-0.9333947844425153	-1.0190823890971594	-1.100298499932849	-1.1522878978745628	-1.162114430621867	-1.162349610914423	-1.1623347404348694	-1.162363688205171	-1.1620842608454363	-1.1514678551603965	-1.0987417246061189	-1.01843330481859	-0.9333628183574089	-0.8498912002468764	-0.7667364115912148	-0.6825407013709046	-0.5971789735965737	-0.5109245694024006	-0.4239529171936006	-0.3363284886864973	-0.24808746164531914	-0.15926735925682162	-0.06990443983702269	0.019970039798332378	0.11032905988153668	0.20114774117355183	0.2924029532761872	0.38407432086237486	0.47614439433498856	0.568597412390496	0.6614170363453798	0.7545845432749135	0.8480788812788418	0.9418785180249549	1.0359635825896323	1.1303168156614234	1.2249231135680612	1.3197685668573016	1.4148399015347368	1.5101244883350802	1.6056105297491359	1.7012870808673228	1.7971438983927022	1.8931712947260255	1.9893600997394598	2.0857016907089343	2.1821880084633505	2.2788115300120753	2.375565220942833	2.472442494040343	2.569437175921201	2.666543470478155	2.7637559158006497	2.861069342899883	2.958478845502865	3.055979762450341	3.1535676678421165	3.2512383639128606	3.3489878748454815	3.4468124417532637	3.544708518649802	3.6426727681248843	3.740702055321255	3.8387934396452623	3.936944164495498	4.035151645588922	4.133413458364384	4.231727324836999	4.330091100310749	4.428502760435705	4.526960389113487	4.625462167701743	4.724006365874763	4.822591334354892	4.921215499514137	5.019877359580725	5.118575481957127	5.217308501058099	5.31607511614715	5.414874088849389	5.5137042402579794	5.612564447724841	5.711453641473793	5.8103708012089665	5.909314953145534	6.0082851679227	6.107280558008119	6.206300270774977	6.305343481947025	6.404409416884539	6.503497398588972	6.602606757236937	6.701736441121127	6.800885151702285	6.90005381840383	6.999247355066969	7.098461422264191	7.197657831407732	7.29682045557689	7.3961644617853946	7.496001331592008	7.595306384126069	7.691163663441178	7.78715586301076	7.9047613317905165	8.04181592649969	8.08265129349119
8.094965323224093	8.054207183540342	7.9173219577940595	7.799820064688432	7.703937643870839	7.6082112367004	7.5090378722658	7.409329911860985	7.310117155132834	7.211089643311228	7.112031335017114	7.012957975185668	6.913907961151463	6.814885832183381	6.715886755367295	6.616909868571211	6.5179565638680295	6.419027999127508	6.320124953322627	6.22124821686936	6.122398684185851	6.023577305601564	5.924785065359053	5.82602298778152	5.727292144094281	5.628593655075314	5.5299286933500165	5.43129848672044	5.332704322029521	5.234147549084856	5.135629584430119	5.037151914790967	4.9387161000651245	4.840323775894937	4.741976656107093	4.6436765355327605	4.545425293844124	4.44722490101162	4.349077424814404	4.250985040586902	4.1529500431098985	4.0549748602549505	3.957062067645444	3.8592144032633824	3.7614347807887065	3.6637263007013403	3.5660922588117447	3.4685361526702616	3.3710616869436794	3.273672779231333	3.1763735679210563	3.0791684233222525	2.9820619620385203	2.8850590625905665	2.7881648793004588	2.691384853386292	2.5947247246313467	2.498190549651783	2.401788729350696	2.3055260406712548	2.2094096654267674	2.1134472176752745	2.017646781430081	1.9220169635637692	1.826566940816947	1.731306467004993	1.636245842621669	1.541395912449661	1.4467681595388566	1.3523748526990822	1.2582290831896707	1.1643446015410999	1.0707356711590414	0.9774173587399577	0.8844063644953424	0.7917217667548629	0.6993847040580903	0.6074167088879318	0.5158377033471345	0.4246652437958399	0.33391571082607757	0.24360659657236028	0.1537583681187713	0.06439509186457813	-0.02445591639789515	-0.1127639516928442	-0.20049308673891872	-0.287600886179892	-0.37404012545388954	-0.4597546024478185	-0.5446407803589903	-0.6284798202642082	-0.7110238190620075	-0.7925315280951535	-0.8741625327730123	-0.9552700651048713	-1.0249793897203214	-1.0582394224061384	-1.062216223897912	-1.0624273827273996	-1.0624455488181568	-1.062429640283511	-1.0622257694809745	-1.0579614298805762	-1.0236497703394916	-0.9544163424094718	-0.8739147668385261	-0.7925283186027152	-0.7110656690094811	-0.6285264718333204	-0.5446948173845882	-0.45981639107011724	-0.37410619200724654	-0.2876681100786404	-0.20055964002476045	-0.11282881932956335	-0.02451850833468203	0.06433514327208001	0.15370130252218106	0.2435525353082686	0.33386468759556426	0.4246172421810568	0.5157926761911511	0.6073745903351198	0.6993454191102199	0.7916852364210512	0.8843725042527334	0.9773860723627401	1.070706844863985	1.1643181015667041	1.2582047563090815	1.352352528196294	1.4467476529500503	1.5413770322252962	1.6362283986344737	1.7312902766116167	1.8265518277559822	1.9220027486011875	2.017633268932286	2.1134341855311725	2.2093968650273044	2.3055132097412354	2.4017756155724985	2.4981769393130455	2.594710469001706	2.691369886200696	2.788149221049731	2.8850428105497237	2.9820452683207685	3.079151465963591	3.176356521402076	3.2736557905291	3.3710448612594734	3.468519550033913	3.5660758998236948	3.6637101777073493	3.761418870307828	3.859198676386131	3.9570464967611905	4.054959422086259	4.15293471907447	4.250969815815137	4.349062286900147	4.447209839088575	4.545410298138586	4.64366159728072	4.741961767643137	4.840308930754528	4.938701293016986	5.037137141785224	5.135614842492382	5.2341328362071105	5.332689637112851	5.431283829619624	5.52991406506038	5.6285790580876744	5.7272775829206255	5.826008469618052	5.924770600805246	6.0235629093038074	6.122384375240731	6.221234018823947	6.3201108936560715	6.419014108187065	6.517942873361248	6.616896409858895	6.7158735578096715	6.8148729214732935	6.9138953574404445	7.01294569249605	7.112019385549557	7.211078041400174	7.3101058926849944	7.409318909176365	7.509027084474734	7.608201065808481	7.7039286632155	7.799810180733304	7.917305565964687	8.05419293619413	8.094965323224093
8.108198100147401	8.06751226549168	7.93081184787877	7.813427079676567	7.717662376340037	7.62207506235835	7.523042437255309	7.423472498047633	7.3244001431826335	7.22551708054639	7.126606402054871	7.027683450560025	6.928786840740904	6.8299213281336755	6.731082171499141	6.632268583766795	6.533482058006192	6.434723864811714	6.335994897145195	6.237296062009353	6.138628375556936	6.039992915413796	5.94139079844816	5.842823186966753	5.744291295714418	5.645796394685699	5.547339811578074	5.448922935328125	5.350547220250506	5.25221419030623	5.153925443284403	5.055682654708764	4.9574875813050125	4.859342064017542	4.7612480308069856	4.663207499705984	4.565222582773052	4.467295491604302	4.369428544934492	4.271624178626638	4.17388495806063	4.076213592590911	3.9786129513323827	3.8810860791020927	3.7836362110774497	3.686266784871381	3.5889814493592564	3.491784070519959	3.3946787354133012	3.2976697559740655	3.2007616745243963	3.103959272676279	3.0072675842632264	2.910691911071525	2.8142378385903335	2.717911249769733	2.621718338412669	2.5256656272997744	2.4297599947126685	2.3340087062389143	2.2384194438880076	2.1430003299138507	2.0477599546830274	1.9527074190009244	1.857852380718171	1.7632050732371047	1.668776279390582	1.5745773028481034	1.4806200138732248	1.3869169777027457	1.2934815389412433	1.2003277167281365	1.107469993230614	1.0149233690857686	0.9227039872387987	0.8308300340169539	0.7393220325352806	0.6482018488244083	0.5574908276262225	0.467208471433363	0.3773728647392804	0.2880027186521757	0.19911976315210198	0.11075031004740703	0.022925850254063292	-0.06431644998221683	-0.15093186286833016	-0.23686567604160044	-0.3220514753205055	-0.40640084662098414	-0.4897638691373458	-0.571883127968522	-0.652504044089001	-0.7317506410239291	-0.8098547335781279	-0.8836811765239135	-0.9402640367746917	-0.9602551085027532	-0.962327378509778	-0.9625203114949038	-0.962536635502501	-0.9625192115386094	-0.962323796463488	-0.9601377319839046	-0.9394670277602242	-0.8828322002660103	-0.8094153802397352	-0.7316113286079093	-0.652486671690651	-0.57190755042935	-0.48980825654190446	-0.4064585613826394	-0.3221177503402974	-0.23693655895548654	-0.15100455471540694	-0.06438912806027551	0.022854370619635557	0.11068083758623308	0.19905283050423886	0.2879386314808829	0.3773117777134899	0.46715043847322296	0.5574358362011205	0.6481498492829688	0.7392729622918165	0.8307838305104737	0.9226605875231793	1.0148827019568765	1.1074319725003097	1.2002922394557713	1.293448486560359	1.386886217104186	1.4805913985497212	1.574550675922547	1.6687514783514237	1.7631819330859795	1.8578307317941367	1.952687078853095	2.04774071764206	2.142981960447378	2.23840167909823	2.3339912696839837	2.429742619771688	2.5256480850613556	2.6217004634353414	2.717892957327281	2.814219128999603	2.9106728598524176	3.0072483203661995	3.103939949881622	3.2007424425500974	3.297650737405074	3.394660012453938	3.491765682522177	3.5889633991578043	3.6862490501121288	3.783618756401903	3.881068866052718	3.9785959445096597	4.076196762169053	4.173868279743883	4.271607632380017	4.3694121135453	4.467279159641249	4.565206336072039	4.66319132525207	4.7612319168023145	4.859325999961637	4.957471557996214	5.055666664155276	5.153909478568412	5.2521982454709795	5.35053129028352	5.44890701630175	5.547323900987703	5.645780491998579	5.7442754031064585	5.842807310179482	5.941374947646757	6.039977105882528	6.138612628049762	6.237280402598254	6.335979356479216	6.434708476805887	6.533466858114949	6.63225360713336	6.731067451247911	6.829906893683716	6.928772715868793	7.027669652865619	7.126592947858946	7.225503989157976	7.324387408714282	7.423460033933584	7.52303019791093	7.622063508360453	7.717652154646728	7.813415812227783	7.930793213936044	8.067496125556495	8.108198100147401
8.12234614758252	8.081740061545613	7.945241455584541	7.827981512593074	7.732341533160844	7.6369023989294975	7.538019926080436	7.438597130202526	7.339674371938463	7.2409451997600405	7.142191785075433	7.043429028243182	6.944695770521791	6.8459969976184505	6.747328064508369	6.648688261188278	6.550079185056724	6.451502223348176	6.3529583866253825	6.25444870181288	6.155974310083937	6.057536419682762	5.959136283469332	5.860775205143045	5.762454546404927	5.664175729886973	5.56594024169669	5.467749635080456	5.369605534756192	5.2715096414551255	5.173463736464367	5.07546968597572	4.977529445047556	4.879645061114585	4.781818677209498	4.68405253531435	4.586348980457024	4.488710466241621	4.391139562425342	4.293638964950484	4.196211508546149	4.098860181640408	4.0015881428584565	3.904398737871798	3.8072955149886187	3.710282237907767	3.613362894658149	3.5165417027724164	3.4198231118083355	3.3232118050827	3.2267127028121467	3.130330968728363	3.0340720214144166	2.9379415499034542	2.841945531174039	2.7460902468492083	2.650382298928647	2.554828628079786	2.4594365384714947	2.3642137279533104	2.2691683162017005	2.17430886519022	2.0796443975450583	1.9851844256673183	1.8909389919024766	1.7969186945671478	1.703134671846354	1.609598559806855	1.5163224940282334	1.4233192026996122	1.330602121154034	1.2381853716286435	1.1460835747082772	1.0543117571809066	0.9628857477407693	0.8718230778690578	0.7811437360832097	0.6908699028480435	0.6010245194463931	0.5116297077429796	0.4227064860488178	0.33427637015858985	0.2463641026849502	0.1590002269379229	0.07222289732282565	-0.013920606739885263	-0.09937132626600373	-0.1840546078255805	-0.26787450397940454	-0.35069863351532765	-0.4323191303287235	-0.5124135136371581	-0.5906132648068133	-0.6666345918937289	-0.73953931620696	-0.8044526041141196	-0.8485669953115887	-0.8610729956496115	-0.8624223513728025	-0.8625791822907214	-0.8625913278197477	-0.8625787807363616	-0.8624199602279785	-0.8610360528201477	-0.8481477718493983	-0.8037409703949536	-0.7390076191922637	-0.6663688082642982	-0.5905155426212663	-0.5123969492321389	-0.432342396613802	-0.35074500478759657	-0.2679356025000279	-0.18412485983211144	-0.09944676816841563	-0.013998488492807014	0.0721445073452982	0.1589227007599002	0.24628836336882864	0.3342030110640727	0.42263586947477016	0.5115620295471753	0.6009598596761572	0.6908082707568842	0.7810851057389662	0.8717674080576088	0.9628329869205312	1.0542618417515561	1.1460364286050433	1.2381409087666815	1.3305602474475349	1.4232798154807669	1.5162854804115082	1.6095637966259386	1.7031020272639787	1.7968880286030235	1.8909101530624841	1.985157243594559	2.0796186748560883	2.1742843732546158	2.269144798924699	2.364190915231818	2.459414167933445	2.5548064709376317	2.650360184064322	2.746068077148823	2.8419232877819374	2.937919283058115	3.034049829985053	3.1303089734260245	3.2266910194148557	3.3231905234923644	3.419802284593754	3.5165213438594525	3.6133429860692963	3.710262740812499	3.8072763811592596	3.9043799186927033	4.001569594649945	4.098841867526891	4.196193397969793	4.293621032123271	4.3911217847206085	4.4886928230489005	4.5863314526026935	4.68403510490017	4.781801327644418	4.879627777155241	4.977512212753238	5.07545249257453	5.17344657019188	5.2714924914568435	5.369588391143808	5.4677324892089505	5.565923086693697	5.664158561423515	5.762437363649159	5.86075801178772	5.959119088675617	6.057519238752184	6.155957164674863	6.254431619570178	6.352941400185767	6.451485368800893	6.550062500070445	6.648671783132945	6.747311828831906	6.845981036270759	6.944680110051247	7.043413689382196	7.142176788284822	7.2409305697790005	7.339660105635409	7.438583134404705	7.538006155757417	7.6368893787705385	7.73232998868303	7.827968760923526	7.945220418421465	8.08172190352036	8.12234614758252
8.137405470133887	8.096886445838557	7.960606359977396	7.843478792094812	7.7479703781406055	7.6526883101615635	7.553965203233673	7.4546984713975375	7.355934291619268	7.257368227247854	7.158781476968631	7.060188457554155	6.961628245007224	6.863106068536406	6.764617383417271	6.666161558140293	6.5677402971004595	6.469355107374579	6.37100711995452	6.272697484146034	6.174427468462715	6.076198414044741	5.978011712001239	5.879868809673391	5.781771217953627	5.683720514294173	5.585718345274333	5.4877664303040214	5.389866566056886	5.29202063119836	5.194230591220508	5.0964985031944785	4.9988265202252755	4.901216895489723	4.803671985943735	4.7061942560367545	4.608786281995723	4.511450757366406	4.414190500480533	4.3170084643508915	4.219907749206892	4.122891617484904	4.025963510581754	3.9291270661130855	3.832386133962587	3.7357447893434963	3.639207341635642	3.5427783388395566	3.4464625687206154	3.3502650586566087	3.25419107664194	3.1582461358380542	3.062436004388027	2.966766720704297	2.8712446123802624	2.775876315660543	2.6806687936768037	2.5856293550265645	2.4907656762410815	2.39608582867908	2.301598304184451	2.207312032353145	2.1132363908311236	2.0193812209925395	1.9257568575347221	1.832374157686309	1.739244499304738	1.6463797415011598	1.5537921980445824	1.4614946925955263	1.3695006856762495	1.2778243460958025	1.1864804569566645	1.0954842820220336	1.0048517613853438	0.9146002760883007	0.8247496458830723	0.7353225290438068	0.6463436693623038	0.5578384765020512	0.4698322992839255	0.38235151460132377	0.2954263605363336	0.2090944532893138	0.12340405697618854	0.038417158808633	-0.04578658825445931	-0.1291037686761289	-0.21139756824570563	-0.2924777004720537	-0.37205822851636716	-0.4497056277386913	-0.5248259971528552	-0.5965793625571845	-0.6630253746098688	-0.7187356341281952	-0.752953416706267	-0.7614432102774623	-0.7624910507820635	-0.7626223590329586	-0.7626325253181383	-0.7626224677250384	-0.762491189120074	-0.7614349927038427	-0.7527510524549167	-0.7182337751581972	-0.6625191973457367	-0.5962392259880273	-0.524650916664089	-0.4496369731889101	-0.3720500842139953	-0.2925052724579844	-0.21144781755790865	-0.1291687684631129	-0.04586096515224146	0.03833720996558049	0.12332130540094018	0.20901088255895345	0.295343355601486	0.38227003560681666	0.46975299280191335	0.5577617540827174	0.6462697729247664	0.7352515870181873	0.8246817150584411	0.9145353661004252	1.004789846750367	1.0954253105529688	1.1864243593139794	1.2777710446376735	1.3694500988641503	1.461446734559049	1.553746776413255	1.6463367563657187	1.7392038431936372	1.8323357142540693	1.9257204971714916	2.019346793898163	2.1132037202853744	2.207280911755288	2.301568500837468	2.3960570956436555	2.490737771305397	2.5856020634552714	2.6806419496596825	2.7758498170267	2.8712184245132173	2.966740868357389	3.062410553364824	3.1582211691762785	3.254166671148735	3.3502412670452757	3.446439410494555	3.5427558002765434	3.639185382748602	3.735723354313281	3.832365161517579	3.9291064973805847	4.02594329343266	4.122871707705679	4.219888109581086	4.316989062865685	4.414171308580089	4.511431748721849	4.608767431865149	4.706175541051943	4.803653384088925	4.901198386082988	4.9988080838123565	5.0964801213666995	5.194212246440469	5.292002306746577	5.389848246202273	5.487748100762496	5.58569999396647	5.683702132354676	5.781752800888278	5.879850358508174	5.977993234231979	6.076179924188148	6.174408988045517	6.272679041052001	6.370988747163157	6.469336841243432	6.567722175455703	6.666143618524714	6.764599661720021	6.863088597677072	6.96161105317076	7.060171567962089	7.158764914120985	7.2573520217143574	7.355918443574957	7.45468288140286	7.553949828287306	7.652673744815809	7.747957431323264	7.843464455994095	7.960582759449076	8.096866146841554	8.137405470133887
8.153371595519335	8.112946802535683	7.976901622888923	7.859913820044686	7.764543639164404	7.669427311424502	7.570872572333078	7.471770611795035	7.373173767258754	7.274779791496394	7.176368859981107	7.077954864127304	6.979577121711812	6.881241118164476	6.782942412684867	6.684680453108165	6.58645705284461	6.4882738413330605	6.3901320720798065	6.292033018400079	6.193978077543964	6.095968724818067	5.998006490760599	5.900092967470741	5.802229816093158	5.704418769877268	5.606661636702906	5.508960302734993	5.411316736855997	5.313732995479849	5.21621122759242	5.118753679847174	5.021362701488057	4.924040748929842	4.826790389998733	4.729614308074668	4.632515306618643	4.535496314739915	4.43856039449681	4.341710750503396	4.24495074213915	4.1482838982470405	4.051713933673569	3.955244766406474	3.858880533561915	3.762625604334968	3.6664845885011936	3.570462340139907	3.474563957593265	3.3787947817762505	3.2831603954917408	3.187666626362472	3.0923195553888574	2.997125531814923	2.9020911929563638	2.8072234858444878	2.712529687642587	2.618017424426392	2.5236946908382536	2.4295698724356396	2.335651767522677	2.241949601537318	2.1484730319476038	2.055232153196987	1.962237515087636	1.8695001521592836	1.7770315986360772	1.684843867742947	1.592949420672971	1.5013611950261	1.4100927306629059	1.3191583194814973	1.2285730428072164	1.1383526929243115	1.0485138430688896	0.9590744115817826	0.8700547015290986	0.7814783169224174	0.6933722196255669	0.6057658851509333	0.5186905507844942	0.4321799121666645	0.3462728750665622	0.26101781469689483	0.17647737037594274	0.0927334640345868	0.009893323704817039	-0.07190178757029136	-0.15246260341312812	-0.23152566047829923	-0.3087030764980664	-0.38340773093299846	-0.45476713601956636	-0.5214342538726087	-0.5809132029633697	-0.628206729782637	-0.6553521088818024	-0.6616811960543377	-0.6625452145095688	-0.6626589541388883	-0.6626679280136102	-0.6626589955538844	-0.6625452528899883	-0.6616771542934498	-0.6552620965598546	-0.6279051217028911	-0.5805090256969897	-0.5210878428036254	-0.4545429034343715	-0.383290732036443	-0.3086593551839591	-0.2315292230495642	-0.15249726675630132	-0.07195736696333056	0.009823700399875877	0.09265472437890725	0.17639309879003057	0.2609305870789435	0.3461845610349057	0.43209187187141057	0.5186037593336098	0.6056810242836507	0.6932897531932812	0.781398551282533	0.8699778279965292	0.959000533240203	1.0484429940423048	1.1382848572272342	1.2285081733468866	1.3190963529900295	1.410033595570182	1.5013048137061855	1.5928957097884606	1.6847927388808688	1.7769829586116512	1.8694539012210534	1.9621935423070014	2.0551903301409182	2.1484332069530585	2.2419115971963146	2.3356153835691122	2.429534895189556	2.523660908675341	2.6179846466769896	2.7124977626323803	2.8071923133166408	2.9020607272673913	2.9970957747698943	3.0922905405097043	3.1876383987344754	3.283132992320221	3.3787682181407948	3.4745382199371795	3.570437387551374	3.6664603597267877	3.762602027370801	3.8588575347696414	3.955222277101096	4.051691893464742	4.148262255546428	4.244929452865903	4.341689776101694	4.438539700094645	4.535475867859593	4.6324950764830755	4.729594265333742	4.826770506637058	4.9240209981697705	5.0213430576108955	5.118734117966506	5.216191723488906	5.3137135256307815	5.411297278767907	5.508940835629203	5.606642142530443	5.7043992345664805	5.802210230871107	5.900073330056379	5.997986806213587	6.09594900585324	6.193958344195454	6.2920132970336775	6.3901123938792175	6.48825424049103	6.58643756476758	6.684661112979185	6.782923254539209	6.881222173994297	6.979558419944288	7.077936429641758	7.176350721091489	7.27476198493171	7.373156297029256	7.471753372597055	7.570855524856616	7.66941112599062	7.764529212803046	7.859897800196552	7.976875300879886	8.112924243374547	8.153371595519335
8.170239612998401	8.129916065724517	7.994121831963476	7.877281015871592	7.782055553866676	7.68711341704714	7.5887358251373715	7.489807119355563	7.391386131211234	7.293172977606423	7.194946762167193	7.096720808503297	6.998534681999352	6.900394136377845	6.802294837911182	6.70423631405539	6.606220488622405	6.508249115285587	6.410323571458812	6.312445255323061	6.214615693397931	6.11683649547628	6.019109331677748	5.92143593888625	5.823818128425168	5.726257789153803	5.62875688989723	5.531317482967004	5.433941708489298	5.336631799195068	5.239390085563743	5.142219001179912	5.0451210880734365	4.948099001829444	4.851155516387015	4.754293528660725	4.657516063366883	4.560826278645356	4.464227473162175	4.367723095306582	4.271316754845792	4.175012236988029	4.078813518262202	3.9827247830175567	3.8867504388286838	3.7908951289103685	3.69516374005482	3.599561405650322	3.50409350473122	3.4087656592209457	3.3135837321452106	3.218553829535954	3.1236823081338736	3.028975789803191	2.9344411817063296	2.8400856992431707	2.7459168879618687	2.651942642347371	2.5581712226427404	2.464611272220109	2.371271834976916	2.278162367639004	2.1852927429449003	2.092673249334352	2.000314601617144	1.908227970212752	1.8164250141572593	1.7249178915859453	1.6337192492909205	1.542842245231724	1.4523006682694617	1.3621091411518422	1.2722832903278118	1.1828397932237846	1.0937964305788481	1.0051724820655568	0.9169896835800583	0.8292734697017402	0.7420538174415564	0.6553652700779794	0.5692466316929975	0.48374158609279444	0.39890131451381977	0.3147892057614093	0.23148697269489296	0.14910172175980066	0.06777460076312147	-0.012307125569243686	-0.09089145973229937	-0.16762910160823388	-0.24201440032750685	-0.3132941098664502	-0.3803515480382136	-0.4415338556993342	-0.4942734070050617	-0.5345053751480818	-0.5567197515739636	-0.5618390428844318	-0.5625843501163689	-0.5626857915010142	-0.5626939229329783	-0.5626857925418272	-0.5625843556776384	-0.5618379027860374	-0.5566861849135301	-0.5343418016266114	-0.49399070532170897	-0.44123573389155973	-0.3801189606206943	-0.3131473103327485	-0.2419402817219964	-0.16760833747688555	-0.09090840408176681	-0.01235060475903085	0.06771260965282462	0.1490270680543273	0.23140388083749153	0.31470076862079965	0.3988098433463417	0.4836488184937325	0.5691538699805295	0.6552734847627246	0.7419637268498643	0.8291855973554195	0.9169043964435597	1.0050900179106865	1.093716923382039	1.1827632999363915	1.2722098159087125	1.362038657262684	1.4522331245548683	1.5427775759049813	1.6336573781501507	1.7248587362858034	1.8163684885741505	1.9081739837630058	2.0002630557292007	2.0926240324777465	2.1852457260816682	2.2781174019741055	2.371228753705753	2.464569897385682	2.558131376923549	2.6519041637997156	2.7458796441953703	2.840049597049178	2.9344061691481427	3.028941849907514	3.1236494458052606	3.218522055250885	3.3135530467139165	3.408736043244955	3.504064914657348	3.5995337762168385	3.695136991204057	3.7908691744264904	3.8867251941527603	3.982700170606231	4.078789470006764	4.174988694155322	4.271293666500291	4.3677004162140545	4.4642051619067695	4.560804296310461	4.6574943727959734	4.754272094114515	4.851134303362	4.9480779768655	5.045100218496763	5.142198254844494	5.239369430727906	5.336611204681246	5.433921144229996	5.5312969209577325	5.628736305483037	5.72623716249087	5.823797445898461	5.921415194239329	6.019088526630433	6.116815639675729	6.214594803665482	6.31242435430237	6.410302685899481	6.508228274271875	6.606199722081092	6.704215651850911	6.802274309574067	6.900373770790587	6.9985145062138185	7.096700848053833	7.194927048828554	7.293153554504129	7.391367006668877	7.489788182644526	7.588717042461246	7.687095540493386	7.782039573018665	7.877263214069178	7.994092633323496	8.129891131861827	8.170239612998401
8.188004208767536	8.147788756194602	8.012261140414852	7.895574357559551	7.800499911837245	7.705740184070936	7.607548286866073	7.508801086737803	7.410564231721733	7.312540377635002	7.214507509601306	7.1164783403172	7.018492687358293	6.920556584123448	6.822665806614177	6.724819961603438	6.627021084070836	6.529271053183874	6.43157137102022	6.333923560779764	6.236329277996138	6.1387902663909095	6.041308334856837	5.943885364058501	5.846523314341853	5.7492242288734285	5.6519902359359415	5.5548235522401965	5.457726487048665	5.3607014468281955	5.26375094038251	5.166877584367648	5.070084108971506	4.9733733635097135	4.8767483217768905	4.780212087174985	4.683767897882285	4.587419132561862	4.491169317252173	4.395022134063423	4.298981432087689	4.203051240531132	4.107235783539999	4.0115394956014	3.9159670358981282	3.8205232998052083	3.7252134260688474	3.6300427991870134	3.5350170478822864	3.4401420418159643	3.345423889351925	3.2508689390858136	3.156483787174896	3.0622752913775337	2.9682505910786245	2.874417130606305	2.7807826818351837	2.6873553628635496	2.594143652588139	2.5011564038165033	2.4084028568140994	2.3158926510438533	2.22363583094684	2.131642847646253	2.039924568945601	1.948492311361981	1.857357891563676	1.766533674754681	1.6760326051219132	1.5858682477826822	1.496054909496446	1.4066078724105737	1.3175436749661054	1.2288803234044046	1.1406374416659928	1.0528366082790714	0.9655022070129889	0.8786628159637356	0.7923526793285697	0.7066127021180731	0.621490991555212	0.5370438238095632	0.45333823032506554	0.3704568659616106	0.2885050390627495	0.20761964681750839	0.12798058278595684	0.04982653144558426	-0.026521653655647133	-0.10062431196008222	-0.1718617459686195	-0.23934439692956636	-0.3018134768179705	-0.3575483934576291	-0.4042388874246785	-0.4388108759675481	-0.45754424704743446	-0.4619397284899483	-0.46260803899015557	-0.46270128009811967	-0.46270884896044073	-0.4627012949270825	-0.4626081629100801	-0.46194011701775917	-0.4575355840284862	-0.4387295096762658	-0.40406056125877227	-0.35732414520949046	-0.3016082984593523	-0.23919357978394956	-0.17177091469393535	-0.10058510401014872	-0.02652272564418271	0.04979539975911911	0.12792758348845157	0.20755093698612737	0.28842518263004047	0.37036931094992087	0.4532456167919423	0.5369481882749606	0.6213939144416385	0.7065154177937717	0.7922561535793693	0.8785677953759813	0.9654092507617078	1.0527461149612265	1.1405496783646176	1.228795455927453	1.3174617941589566	1.4065290135032555	1.495979065724307	1.585795381387505	1.675962657385382	1.766466574391573	1.857293560028081	1.9484306645605296	2.0398655161217563	2.131586288774451	2.223581653978007	2.315840730339053	2.408353054176569	2.5011085732277314	2.5940976487091825	2.687311051819665	2.7807399514979987	2.8743758972393163	2.968210800069653	3.062236911536499	3.1564468000567762	3.250833326281862	3.345389621169511	3.440109070120665	3.5349853044045614	3.63001219888338	3.725183873789948	3.820494697956803	3.9159392910322053	4.0115125226824	4.107209507595882	4.2030255961697405	4.298956361750983	4.394997585903324	4.4911452432637935	4.5873954872660905	4.683744637549095	4.780189169401813	4.876725705200939	4.973351007507649	5.070061973326788	5.166855629003562	5.2637291253230245	5.360679732541029	5.457704835253892	5.554801927159465	5.651968605843515	5.7492025677186405	5.846501603163125	5.94386359191442	6.0412864990651896	6.138768371988501	6.236307336493345	6.333901588447933	6.431549387064697	6.529249078181257	6.6269991390022005	6.724798067716661	6.822643986012951	6.920534860182827	7.018471083960366	7.116456882496914	7.214486232108588	7.31251933011409	7.410543427203913	7.508780409512896	7.607527710597896	7.705720548631489	7.80048230348913	7.895554676760619	8.01222891375413	8.147761338596359	8.188004208767536
8.206659698644556	8.166559015421047	8.031313303803042	7.9147874195880465	7.819870093716163	7.7253007528078745	7.627302858230293	7.528745174803257	7.4307004779752095	7.332874137272552	7.235042974766946	7.137219048494487	7.039442431508236	6.941719447540777	6.844045984463377	6.746421727468666	6.648848822852889	6.551329275952796	6.453864713682359	6.356456783783069	6.259107269842351	6.161818048161948	6.064591064720429	5.967428342000874	5.870331987195931	5.773304195416904	5.676347251837365	5.579463534737765	5.482655519334043	5.385925782181143	5.289277006172871	5.192711986097453	5.096233634553254	4.999844987954602	4.903549212395179	4.807349609279249	4.711249620855594	4.6152528360379845	4.519362997081129	4.423584007714175	4.32791994316251	4.232375062116802	4.136953820193408	4.041660883871379	3.94650114342948	3.851479723232026	3.7566019880255923	3.6618735447983273	3.5673002410445553	3.472888161512303	3.378643626177193	3.284573192050665	3.190683660659992	3.0969820919230666	3.0034758237550534	2.9101724950795558	2.817080068509467	2.724206849071399	2.6315614978064024	2.539153042591758	2.4469908898501873	2.355084838111618	2.2634450908254284	2.172082267782146	2.081007423545088	1.9902320882221778	1.899768338140745	1.8096288837356993	1.7198271536268588	1.6303773809404263	1.541294744628329	1.452595626749335	1.3642979788780853	1.2764217057633842	1.1889890029953745	1.1020247745178717	1.0155574384734993	0.9296203450317708	0.8442536521494669	0.7595061971932068	0.6754370897310031	0.5921174087341939	0.5096329788100479	0.4280892267099478	0.3476186727930587	0.2683912906158377	0.19062829348346405	0.11462091810813534	0.04075697848524049	-0.030441755220125658	-0.09826688772757206	-0.16175447941774077	-0.21962482197552313	-0.27026880025111855	-0.3117652834077417	-0.34187148298252334	-0.35808020896311754	-0.3620061514878437	-0.36262082357216585	-0.3627081522731325	-0.3627153035943814	-0.3627081646468114	-0.36262093077527524	-0.3620067769612382	-0.3580803339681144	-0.34183427473952066	-0.31166227574883926	-0.2701181348273003	-0.21946688978913484	-0.16162269047665812	-0.09817682301082908	-0.030394973549330424	0.040765936139912896	0.11459954875217336	0.19058354961388632	0.26832883819937925	0.34754300156931134	0.4280038739249839	0.509540732350571	0.5920204772272867	0.6753372412976837	0.7594048639579828	0.8441519987632423	0.9295193085644938	1.0154577547966441	1.1019270043066574	1.1888935610206592	1.276328889357381	1.3642079909295042	1.4525085928880714	1.5412107275680884	1.630296394469594	1.719749176178196	1.8095538698326827	1.899696226412104	1.9901628060151002	2.0809408890221506	2.172018390431491	2.2633837711613354	2.355025967499895	2.446934351668788	2.539098715767524	2.6315092628880916	2.724156595732366	2.817031702380404	2.9101259416249228	3.003431027646536	3.096939011738932	3.1906422602250744	3.284533430785258	3.3786054510763925	3.4728515027663005	3.5672650120960085	3.6618396462877794	3.756569314077744	3.8514481681714057	3.94647060729093	4.041631275765002	4.136925059376511	4.232347077245309	4.327892670500011	4.423557389067837	4.519336978007974	4.615227364558312	4.711224646644197	4.807325083154804	4.903525085912138	4.99982121298964	5.09621016291005	5.192688769265601	5.289253995423458	5.385902929147177	5.482632777122604	5.579440859485543	5.676324604491434	5.773281543432356	5.870309305815241	5.967405614828461	6.064568283428348	6.161795211342286	6.259084381224284	6.356433850205297	6.453841743293133	6.551306277064766	6.64882580374617	6.746398697258005	6.844022954740752	6.941696433644338	7.039419452231178	7.137196127086656	7.235020148328298	7.3328514619463805	7.430677971774299	7.528722717446325	7.627280432869493	7.72527929305968	7.819850786232409	7.9147657638289255	8.031277902151906	8.166529011284617	8.206659698644556
8.226200058335259	8.186220637048974	8.051271714143839	7.934913408152828	7.840159107521582	7.745787884555714	7.647992054529599	7.549631653080022	7.451786881977447	7.354165999203515	7.256544621463504	7.158934107784115	7.061374788650965	6.963873288025518	6.86642560724699	6.76903150841533	6.671693248667599	6.57441295961739	6.477192392648935	6.3800333190072624	6.282937648755426	6.185907388730472	6.088944619524051	5.992051502602904	5.895230288884819	5.798483322066608	5.701813040622176	5.605221980543174	5.508712778798541	5.41228817738562	5.315951028075267	5.219704297877964	5.123551075071347	5.0274945755098575	4.931538148924347	4.835685285016891	4.739939619353738	4.644304939309488	4.548785190531577	4.453384484477049	4.358107107454349	4.2629575312740045	4.167940425134999	4.073060667860285	3.9783233591879115	3.8837338286856937	3.789297641145526	3.6950205981036777	3.6009087362953824	3.506968324997755	3.413205864848177	3.319628090555436	3.226241979075954	3.133054763697819	3.040073953309157	2.9473073548943494	2.8547630961469204	2.7624496448498004	2.670375823421384	2.5785508205034393	2.4869842041991563	2.3956859407296633	2.304666418511039	2.2139364762408658	2.1235074392075752	2.0333911769877018	1.9436001961266791	1.854147766823478	1.7650480663976258	1.676316330612966	1.5879690434898406	1.5000242300990796	1.412501892457568	1.325424550230129	1.2388178086737438	1.1527109730370317	1.0671379181837466	0.982138504291866	0.8977606475607566	0.8140628250734703	0.7311166615226581	0.6490095544119845	0.5678479020014778	0.4877619784151688	0.40891353803596797	0.3315069260151221	0.25580425631501363	0.18214544269277533	0.11097437818272135	0.04287226575775688	-0.021403995112935316	-0.08088397439666435	-0.13436409885841769	-0.18043773546904288	-0.21756911164568557	-0.24413981299029655	-0.2584541728087975	-0.26205192454873794	-0.2626273428241451	-0.2627103161773614	-0.26271716101679193	-0.2627103224580966	-0.2626274065801306	-0.26205240468754354	-0.2584564209210372	-0.24412443510904555	-0.21751438833342482	-0.180346474077775	-0.1342569814181251	-0.08078504427178428	-0.021330019134003956	0.0429144492694827	0.11098521302566769	0.18212879117806569	0.2557648475774313	0.3314492857884782	0.40884161422505166	0.48767907034433333	0.5677567187729865	0.6489123168934133	0.7310152054846004	0.8139586827479166	0.8976551004345171	0.9820326145549966	1.0670325525606086	1.1526068278330264	1.2387154357211296	1.3253243791410732	1.4124042471818075	1.4999293421393822	1.587877065227812	1.6762273498989715	1.7649621210065405	1.8540648568516163	1.9435202935424956	2.0333142327046163	2.1234333883022622	2.2138652416496645	2.3045979134646974	2.395620070553395	2.486920868477908	2.5784899164709154	2.670317250689382	2.762393310635121	2.854708919499224	2.947255268408576	3.040023901432801	3.1330066977708126	3.226195850290261	3.319583842712218	3.41316342886866	3.5069276165833396	3.6008696571513417	3.6949830401094195	3.7892614921309393	3.883698978256902	3.9782897033213334	4.073028111567283	4.167908883143241	4.262926927167491	4.358077371952265	4.4533555535099785	4.548757003570503	4.64427743813276	4.739912747207597	4.835658986005623	4.9315123674726875	5.027469255840382	5.123526160771216	5.219679731727749	5.31592675233351	5.412264134655558	5.508688913468848	5.605198240634091	5.701789379728777	5.798459701012595	5.895206676709316	5.992027876607605	6.088920964296696	6.185883694299476	6.282913908265906	6.380009526472915	6.477168541360575	6.574389041653109	6.671669255716808	6.769007433872962	6.866401449071403	6.9638490509485145	7.061350484386708	7.158909756398673	7.2565202616325655	7.354141693379288	7.451762653269423	7.549607376973707	7.647967725726545	7.745764536233834	7.840138029921629	7.934889682355289	8.051232995495143	8.186187950415492	8.226200058335259
8.246618951523422	8.206767096122693	8.07212943160321	7.955945193922106	7.861359622463583	7.767193996719219	7.669608042059681	7.57145243742758	7.473815097506323	7.376407343383907	7.279003546454527	7.181614321838405	7.084280258057845	6.987008288407477	6.889794528722876	6.792638815855036	6.695543516661156	6.598510888573992	6.50154280657493	6.404641163873909	6.307807994896913	6.211045434372776	6.11435569434982	6.017741071667792	5.921203956988194	5.824746838309991	5.728372302854269	5.632083039490456	5.535881841775071	5.439771611562786	5.343755363381291	5.247836229674862	5.152017466804926	5.056302461533103	4.960694737649173	4.865197962455902	4.769815952985471	4.674552682062421	4.579412284563642	4.484399064353977	4.3895175023143	4.294772265606835	4.200168217898335	4.105710429804285	4.01140418847148	3.9172550051222643	3.8232686196569863	3.729451002099519	3.6358083516722908	3.5423470952908995	3.4490738878335176	3.3559956163529794	3.263119409528118	3.17045265251765	3.0780030063910204	2.9857784305245616	2.8937872056684877	2.8020379551530255	2.710539662819846	2.619301689174156	2.528333790550451	2.437646146945959	2.3472494013647154	2.2571547101832174	2.167373805772191	2.07791908044167	1.988803706782826	1.9000418033995021	1.8116486390964641	1.7236408628380624	1.6360367700864837	1.5488566563517774	1.4621233210295466	1.3758627384244746	1.2901048474007715	1.2048844201025448	1.1202420994427784	1.0362258526610035	0.9528930963948409	0.8703135302823715	0.788572436843465	0.7077741866798637	0.6280461111194664	0.5495435682998469	0.47245744907131143	0.3970252059533596	0.32354589033073444	0.25239911114328734	0.18406742462208583	0.11916085082419234	0.058439675609376365	0.002826612958754878	-0.04660299812188657	-0.08866629378796219	-0.12215184797897242	-0.14588546335461297	-0.15872772681836764	-0.16208374799848174	-0.16263063137530606	-0.16271066786130903	-0.16271732447998305	-0.16271067335841105	-0.1626306808451695	-0.16208411323073657	-0.15873002349812937	-0.14588030623879455	-0.12212567801597493	-0.0886171412095025	-0.046539971162633656	0.002889129320585892	0.058488832021152376	0.11918900495385072	0.18407201260917272	0.2523808958144024	0.3235073482800319	0.3969694153843328	0.47238747042777113	0.5494621746543757	0.6279557144215117	0.7076768550002177	0.7884699409539261	0.8702073882391308	0.9527846064290459	1.0361161179889584	1.120132051426075	1.2047748413194233	1.2899963914211556	1.3757559436366238	1.4620186199458243	1.5487543843284097	1.6359371761204604	1.7235441221534096	1.8115548656290716	1.8999510608100254	1.988716017890208	2.077834435529236	2.1672921699203247	2.257076029397915	2.3471736073934477	2.4375731611724474	2.5282635276997527	2.619234061384685	2.710474584043683	2.8019753452054106	2.893726992910886	2.985720552282863	3.0779474067308117	3.1703992777391967	3.2630682024521636	3.355946510888373	3.449026805278214	3.5423019433162657	3.6357650261560046	3.729409391189387	3.823228608929091	3.9172164825768685	4.011367048363658	4.1056745747875185	4.200133559478736	4.294738723302318	4.38948500209901	4.484367536939304	4.579381663886732	4.674522904119883	4.769786954960008	4.865169681998639	4.960667112211101	5.056275427748977	5.1519909600578115	5.247810184045617	5.34372971217478	5.439746288497447	5.535856782754158	5.632058184691574	5.72834759873331	5.8247222390615425	5.921179425063204	6.017716577122136	6.11433121305771	6.211020945433214	6.3077834778161055	6.404616596241119	6.501518162897639	6.5984861406944955	6.695518635839565	6.792613776277286	6.889769311688774	6.98698288552517	7.084254671951405	7.181588567893053	7.278977663986905	7.3763814007667055	7.473789122866372	7.57142630224312	7.66958175462363	7.7671686953555765	7.861336703593699	7.955919303640789	8.07208725936564	8.20673163838507	8.246618951523422
8.267909755958259	8.228191576231605	8.093879213941364	7.977875342483156	7.883464000388221	7.789511195472863	7.692142671961103	7.594199125030037	7.4967764562585	7.399589224356577	7.302410517971195	7.205250162942574	7.1081490050821285	7.011114295314308	6.914142264406815	6.817232821129291	6.720388440262527	6.623611504021671	6.5269040096190185	6.43026797023532	6.333705542085898	6.237218984644185	6.140810637681161	6.044482929129651	5.948238384652185	5.852079631428189	5.756009399982315	5.660030526314606	5.564145954494371	5.468358739766018	5.372672052452895	5.277089182850391	5.181613547055685	5.086248693478347	4.9909983096651125	4.895866229072997	4.800856437548066	4.70597307948768	4.611220463908531	4.51660307080944	4.422125558215957	4.327792770089802	4.233609744928229	4.139581724484487	4.045714161755391	3.9520127273305747	3.8584833134596908	3.765132035783107	3.671965233499924	3.5789894695753643	3.486211533059973	3.393638445407495	3.3012774718458835	3.2091361377663166	3.117222249249151	3.0255439164404283	2.934109578345318	2.842928027634121	2.7520084347691482	2.661360372854454	2.5709938476940555	2.480919339517803	2.391147861559864	2.301691037053976	2.212561194863008	2.1237714887983787	2.0353360537376193	1.9472702134303335	1.8595907449148115	1.7723161924261173	1.6854672296792832	1.5990671005572672	1.5131421997745185	1.4277228468548453	1.3428442520272674	1.2585476286324015	1.1748814536847534	1.0919030233823595	1.0096805739489483	0.9282961796048296	0.8478493876776831	0.7684613450487325	0.6902793259356226	0.6134821226653041	0.5382873013112073	0.4649613151015838	0.39383276556798413	0.3253080774520206	0.2598879134663576	0.1981816799476108	0.1409160371442052	0.08893162426990842	0.04316069847795298	0.004581194027599238	-0.025850791106554617	-0.047271950346706074	-0.058935295727977774	-0.0621058694225926	-0.0626324142965994	-0.06271065170602604	-0.06271721063277384	-0.06271065782959516	-0.06263246285846949	-0.06210618397816318	-0.05893725009320458	-0.047271517585720055	-0.02584075962161257	0.004602920135218529	0.043190448075097594	0.08896191761162273	0.14093884754263444	0.19819086853395035	0.25988012169913666	0.32528246621113965	0.3937902022832326	0.4649035668313774	0.5382164662638391	0.6134003102953265	0.6901885097274993	0.7683633095446935	0.8477457183607864	0.9281882699395553	1.0095696401924887	1.0917901244112664	1.1747675128219524	1.2584334525794452	1.3427305431110148	1.4276102089544431	1.5130311417762259	1.5989580411429063	1.6853605045863604	1.7722120629917275	1.8594894064413476	1.94717180299643	2.035240657908298	2.1236791515443314	2.212471925387902	2.3016048169584047	2.3910646510727016	2.480839083012988	2.5709164789080057	2.661285819993854	2.751936625262514	2.84285889193081	2.934043052079628	3.025479940481809	3.117160767586257	3.209077093704517	3.301220803473603	3.393584081531907	3.4861593907109336	3.578939453739205	3.6719172391187573	3.765085951458039	3.858439025918553	3.9519701256537854	4.045673140571176	4.139542185734545	4.233571598221653	4.327755931980154	4.422089950881061	4.5165686205805535	4.6111870999386735	4.705940732654596	4.800825039540414	4.895835711560512	4.990968603507842	5.0862197280448775	5.181585249830855	5.277061479558468	5.372644867869836	5.468331999248794	5.564119586055196	5.6600044628720045	5.755983581290758	5.852054005172005	5.948212906311113	6.044457560473	6.1407853440800855	6.2371937317316055	6.3336802925485305	6.4302426816035965	6.526878633769829	6.623585988745507	6.720362732807791	6.8172068732558895	6.914116037959625	7.011087766397497	7.10812216524046	7.205223021295525	7.3023831133704755	7.399561630485518	7.496748705957199	7.594171085847598	7.692114367751254	7.7894838749658435	7.883439168070074	7.97784719365077	8.093833457338095	8.22815326655283	8.267909755958259
8.290065587655322	8.250486994683671	8.116513543799755	8.00069614255606	7.90646432491521	7.8127313060191055	7.715587511558299	7.617863026765599	7.520662001239601	7.423702405652915	7.326756011119109	7.229831808439295	7.132970898635879	7.036180857752612	6.93945803132035	6.8428023964891445	6.746216533453224	6.649702947565916	6.5532637564061185	6.456901090701971	6.360617225482366	6.26441454140139	6.168295501747238	6.072262660711016	5.976318673564607	5.880466300810705	5.784708410033335	5.68904797777989	5.5934880917176875	5.498031953198348	5.402682880612885	5.307444313821439	5.21231981967428	5.117313098400688	5.0224279904870865	4.927668483619665	4.833038719347828	4.738542999318791	4.6441857911773745	4.549971734422239	4.455905646566733	4.361992529823506	4.2682375782508135	4.17464618497322	4.081223948860233	3.9879766800281464	3.8949104037767937	3.802031363068995	3.7093460203190833	3.6168610598993225	3.5245833931342343	3.4325201673852512	3.3406787800994033	3.2490668977181345	3.157692478628128	3.066563799205299	2.9756894823200897	2.885078528094317	2.794740347272927	2.704684798885877	2.614922236228033	2.525463567514614	2.4363203377925755	2.3475048360376722	2.2590302285072146	2.170910720913086	2.0831617589757423	1.9958002835301851	1.9088450541403836	1.8223170441250405	1.7362399037842344	1.650640503554549	1.565549601281061	1.4810026972270867	1.3970411160134988	1.3137132996663246	1.23107627827944	1.1491973667774467	1.0681562833526042	0.9880479549397955	0.9089861521997158	0.8311078648793446	0.7545782557447877	0.6795962926844761	0.6064015605288525	0.5352828228362521	0.46658833546565937	0.4007369030292031	0.3382276950341908	0.27964617442612666	0.22566310556225308	0.17702340922178217	0.1345220052736073	0.0989642024855615	0.07110862312602301	0.05159577993602269	0.04089555101182889	0.03787664479513735	0.037366195248527245	0.03728926390910705	0.037282769532570675	0.037289257636294565	0.037366147181173856	0.037876356635349794	0.04089389925901842	0.05159400372658977	0.07110980204080446	0.09896922028242339	0.13452916292877404	0.1770289771034812	0.22566257638398146	0.2796355772018554	0.3382044090527104	0.40069982324171816	0.46653759029259106	0.5352193390124717	0.6063266843553914	0.679511533058007	0.7544851311231735	0.831007817634258	0.9088805047514499	0.9879378946341744	1.0680428677341076	1.1490815402833796	1.230958890647382	1.3135951188131016	1.3969228334281554	1.480884928712559	1.565432887214503	1.650525310887296	1.736126629454243	1.8222060186684512	1.908736545083537	1.9956944991549521	2.083058853170028	2.1708107991660426	2.258933354494757	2.347411038193414	2.4362296156322114	2.525375897812969	2.6148375791521037	2.7046031039290366	2.7946615585532015	2.885002588451515	2.9756163357155847	3.0664933911618686	3.1576247547971925	3.2490018010611004	3.3406162475102454	3.432460126734559	3.5245257615978116	3.616805744066345	3.7092929180765832	3.801980366797673	3.8948614041075444	3.9879295693635717	4.081178624039654	4.1746025487683145	4.268195539709669	4.361952003731662	4.455866552404218	4.549933995161292	4.644149332133888	4.738507747117861	4.833004600962599	4.927635425432677	5.022395917398253	5.11728193311961	5.212289482422763	5.307414722679924	5.40265395264805	5.498003606322989	5.593460247007041	5.689020561767918	5.784681356405547	5.88043955094617	5.976292175575418	6.07223636695845	6.168269365213203	6.26438851166355	6.360591245273544	6.456875094038328	6.553237669001392	6.649676689762138	6.746190025370075	6.842775564683056	6.939430815731596	7.036153216809033	7.132942810868873	7.229803275038122	7.326727069187577	7.423673133339826	7.520632435549546	7.617833031219478	7.715557127414944	7.812701897257384	7.906437505162906	8.00066564128822	8.116464078248628	8.25044576034082	8.290065587655322
8.313079323285786	8.273646025775303	8.140024653878953	8.024399632004018	7.930352428285572	7.8368459004499895	7.739933873192861	7.642435196957125	7.545462517407609	7.4487373912983905	7.352030240214872	7.255349173883404	7.158735545173751	7.062197261953888	6.965730783749755	6.86933615182827	6.773016048535818	6.676773100074195	6.5806095420046695	6.484527619756221	6.388529723833853	6.292618352166093	6.196796086983823	6.101065603466763	6.005429680581985	5.90989120568625	5.8144531764928375	5.719118702781123	5.623891008157216	5.528773432075264	5.43376943259712	5.338882590271158	5.244116613224673	5.149475343292008	5.054962762805507	4.960583001586391	4.866340343712096	4.77223923379988	4.6782842827815525	4.5844802733634245	4.490832165476586	4.397345101970712	4.304024414606184	4.210875630145854	4.117904476168245	4.025116886225788	3.9325190041944285	3.8401171880701153	3.7479180139733206	3.6559282815904712	3.564155022533599	3.4726055129608757	3.3812872912240213	3.2902081805118195	3.199376315888999	3.108800175169319	3.018488613687542	2.928450903828907	2.838696780817449	2.749236497018169	2.6600808884533986	2.571241459256742	2.4827304910028674	2.394561182736835	2.30674782472048	2.2193060079239357	2.1322528754532524	2.045607429792574	1.959390913684353	1.8736272767606776	1.7883437295048334	1.7035713861871906	1.619346019657572	1.5357089807013224	1.4527083406098356	1.37040027964068	1.2888506985444086	1.2081370444639266	1.1283504471911574	1.049598384710582	0.9720081054054807	0.8957308797499937	0.8209469652424531	0.7478711384081044	0.6767587875088696	0.6079126038086996	0.5416895681842774	0.4785072494177322	0.4188478042127644	0.36325784468809685	0.31234249255176005	0.2667522078438875	0.2271608605201868	0.19423224572771824	0.168569918151424	0.15064673988258226	0.14074256797228202	0.13785858078964414	0.13736433407036455	0.13728893843118348	0.13728253248896724	0.1372889323130147	0.13736428804149242	0.13785831684191432	0.14074114336292315	0.15064395558000565	0.16856640830138264	0.19422760908925232	0.2271536706499683	0.2667402978580084	0.3123234420871776	0.3632295213876735	0.4188087624333725	0.47845686758897804	0.5416279579866577	0.6078404088372059	0.6766769761516609	0.7477808389518599	0.8208493473412354	0.8956270749087751	0.9718991621744212	1.0494852544422937	1.1282339913835577	1.2080180510549725	1.288729896230585	1.3702783452364922	1.4525859005076427	1.5355866101607023	1.6192242425724632	1.703450675521005	1.7882245073290655	1.8735099134042668	1.9592757266918557	2.0454946838530272	2.1321427839519385	2.2191987359751937	2.3066434931626087	2.3944598727172512	2.482632249085303	2.571146303079721	2.6599888128016707	2.749147479914236	2.83861078908264	2.928367897562111	3.0184085492343438	3.108723006369738	3.199301993681243	3.290136651294775	3.381218494656347	3.4725393799939512	3.5640914743768044	3.6558672300130266	3.7478593629557855	3.840060836458189	3.9324648487822227	4.025064824654139	4.117854409152584	4.210827462784488	4.303978056775859	4.39730046800938	4.490789173433894	4.584438844066185	4.67824433885738	4.772200698693429	4.866303140673761	4.960547052639153	5.0549279877859306	5.1494416591663486	5.244083933939526	5.338850827363056	5.433738496643351	5.528743234844667	5.623861465073588	5.719089735118343	5.814424712651012	5.909863180998924	6.0054020353821045	6.101038279549888	6.19676902306138	6.29259147927974	6.388502961885992	6.484500876216378	6.580582713457409	6.67674607666988	6.772988720809381	6.869308418940404	6.965702561728043	7.062168489638186	7.158706186227475	7.255319219831046	7.351999724956053	7.44870639636716	7.545431083173404	7.642403182616087	7.739901339078037	7.8368143301211495	7.930323544685203	8.024366684524162	8.139971361386847	8.273601802442482	8.313079323285786
8.336943620804563	8.297661122203646	8.164404550034641	8.048977621650048	7.955119915917081	7.8618463232026325	7.765172840539387	7.667906460495843	7.571168559571725	7.474684454440006	7.378223188090378	7.281791942986668	7.185432319265969	7.0891525625892085	6.992949245140577	6.8968224673147365	6.800775009569818	6.704809615981162	6.608928637154978	6.513134429940086	6.417429496640044	6.32181644826882	6.226297981151549	6.1308768858751534	6.035556058805618	5.9403385072194865	5.84522735148855	5.750225826716237	5.655337284177764	5.560565192835213	5.4659131414936075	5.371384842076533	5.27698413420052	5.182714990928227	5.088581525350643	4.994587997519335	4.900738821249768	4.8070385704477685	4.713491984831884	4.620103975157104	4.5268796282029005	4.433824211810317	4.340943180138371	4.248242179128793	4.155727052032447	4.0634038448597725	3.9712788118069473	3.8793584210378174	3.7876493615785902	3.696158552403383	3.604893154947197	3.5138605901791373	3.423068560967348	3.332525079899821	3.242238502324796	3.1522175645085277	3.0624714275654523	2.973009728848105	2.8838426432882507	2.794980957657459	2.7064361613704686	2.618220558776886	2.530347409401058	2.4428311028707514	2.3556873735478234	2.2689335578121015	2.1825888980592203	2.0966749033265675	2.01121578320343	1.9262389720614506	1.8417757522292362	1.7578619765075465	1.6745388972385558	1.5918541343157968	1.5098628380149377	1.4286290954062344	1.3482275896718292	1.2687454943305636	1.1902846244684109	1.1129639704525465	1.0369228151222232	0.9623245775998043	0.8893613359091742	0.818258785263152	0.7492813014334667	0.6827367368258758	0.6189804155210258	0.558417507484072	0.5015027897556438	0.4487369367003808	0.40065875822134656	0.35783271861131855	0.32083001213063395	0.2901990991173473	0.26641906508481805	0.2498333166476066	0.2405960845159063	0.23783801272189214	0.2373617118072952	0.2372884461226126	0.2372821892515535	0.2372884403276001	0.23736166903483097	0.23783777478611093	0.2405948423967491	0.2498301185653547	0.2664131338272744	0.29018903942555374	0.32081409077999784	0.3578092093556236	0.40062620992944753	0.4486943500999348	0.5014497029008936	0.5583539824570467	0.618906944254071	0.6826541096521017	0.7491904780110995	0.8181607869494634	0.8892571645953717	0.9622151634516137	1.0368089947743595	1.112846491104934	1.1901641621971109	1.2686226736052442	1.3481029963694764	1.4285032827076996	1.509736328556641	1.5917274216256059	1.6744124470170747	1.7577362266357843	1.8416511106690536	1.926115813160859	2.011094443805977	2.096555679887182	2.1824720451792734	2.268819288019399	2.3555758580874047	2.44272247350214	2.530241761329971	2.618117954726687	2.7063366365350885	2.794884525060777	2.883749298993075	2.9729194564886834	3.062384201778044	3.152133352999705	3.2421572665558958	3.3324467746491915	3.422993133278358	3.5137879783188	3.6048232879392197	3.6960913504822415	3.7875847376151124	3.879296282707801	3.971219064091868	4.063346392423207	4.155671801102026	4.248189038685671	4.3408920624057545	4.433775032173766	4.526832304749587	4.620058427991754	4.713448135252775	4.806996340002174	4.9006981306784345	4.994548765656584	5.088543668145366	5.182678420840001	5.276948760247946	5.371350570734317	5.465879878448523	5.560532845356271	5.655305763600959	5.750195050371007	5.8451972433739625	5.940308996913967	6.035527078456087	6.130848365594555	6.226269843644454	6.3217886038661355	6.417401840034265	6.513106839701357	6.608900978585984	6.7047817471637545	6.800746789822867	6.896793766906702	6.992919954684404	7.089122599718927	7.1854016310200866	7.281760509436415	7.3781910383205975	7.474651672073678	7.571135187303119	7.667872352692603	7.765138078056554	7.8618125129137795	7.955088889256805	8.048942134387083	8.164347319630453	8.297613854182371	8.336943620804563
8.361650938361771	8.32252453466441	8.189645032322952	8.074421716916367	7.9807581886734384	7.887723714109164	7.791295292404386	7.694267437345648	7.5977704775694015	7.501533663141895	7.405324632441532	7.309149594464895	7.2130503909109205	7.117035610541993	7.021101936355758	6.925249522187821	6.82948124178083	6.733799953392945	6.638208119149048	6.54270820357954	6.4473028167744335	6.351994678405508	6.256786593855724	6.161681463349861	6.066682294127227	5.971792206155955	5.877014434634881	5.782352331673085	5.687809367516772	5.593389131635529	5.499095334310883	5.404931809300684	5.310902517848261	5.217011553985305	5.123263150818896	5.029661687329773	4.936211695173384	4.842917865074757	4.7497850526108705	4.656818283412625	4.564022758012752	4.471403856653297	4.378967144331288	4.286718376250178	4.19466350374804	4.102808680780784	4.011160271186952	3.919724857214332	3.8285092500637554	3.7375205034172727	3.6467659310081073	3.5562531292240305	3.4659900055063146	3.3759848129835768	3.2862461915686656	3.1967832159346394	3.1076054515254303	3.018723020842396	2.9301466831784135	2.8418879313912404	2.753959109452366	2.66637355505072	2.5791457727459166	2.4922916442412206	2.40582868197395	2.319776330376124	2.234156318163539	2.148993067797962	2.0643141745326403	1.980150971962949	1.8965391979288362	1.8135197655179425	1.7311396402589936	1.6494528377427051	1.568521581302792	1.4884176738292658	1.4092241210693541	1.3310370078699945	1.2539676180256474	1.1781448343256506	1.103717924236041	1.0308598172954926	0.9597708515415247	0.8906827538405251	0.8238624306989818	0.7596150281621976	0.6982856406417102	0.6402590322684282	0.585956895433309	0.5358325004728021	0.4903627380916517	0.45003694804539485	0.4153401684425393	0.3867258839158843	0.3645724095126921	0.34912478923562523	0.34045648276409884	0.33781675367760877	0.33735933628552595	0.33728868930977896	0.33728264064614005	0.3372886839661861	0.3373592974424305	0.3378165417850386	0.3404553971616275	0.34912148634810797	0.3645653084735415	0.38671293100221715	0.41531922658354903	0.4500062320822264	0.4903210731225083	0.5357793900457167	0.5858924652748154	0.6401839050533844	0.6982007795658339	0.7595215799562341	0.8237615906664054	0.890575664375933	0.9596585378439443	1.0307431601466766	1.10359766493653	1.1780216003503694	1.2538419546283197	1.330909404352689	1.409095028085073	1.488287514103847	1.5683907574162774	1.6493217384611598	1.731008644659446	1.813389243807062	1.8964095090565498	1.980022459331978	2.0641871612974407	2.1488678526143583	2.234033171578889	2.3196554918462775	2.405710357670332	2.4921760059905305	2.5790329583854237	2.6662636702276226	2.753852230627229	2.8417841096427154	2.9300459483469217	3.018625385543987	3.107510914599565	3.196691764991234	3.2861578044908657	3.3758994584901365	3.465907643102019	3.5561737089888137	3.6466893936579035	3.7374467809284986	3.828438266944155	3.9196565322948986	4.011094519663409	4.102745416184058	4.194602639572638	4.28665982708528	4.378910826469863	4.471349688249334	4.563970658889258	4.656768174600342	4.749736855654352	4.842871501121539	4.93616708389249	5.029618745786756	5.1232217925339665	5.216971688467325	5.310864050880882	5.404894644130844	5.499059373663849	5.593354280203343	5.687775534315464	5.782319431524822	5.8769823880747145	5.971760937319751	6.0666517266204005	6.161651514637312	6.256757169216476	6.351965665812753	6.447274084076258	6.54267959901975	6.638179475626839	6.73377109608148	6.829451998091729	6.925219732762346	7.021071465427589	7.117004353231234	7.213018275989652	7.309116588737624	7.4052907584529315	7.501499005132059	7.597735079305434	7.694231147656941	7.791258213852907	7.887687579932031	7.980724936897276	8.074383596813478	8.189583760541138	8.32247417506337	8.361650938361771
8.387193551554429	8.348228329694955	8.215737714052464	8.100723337333037	8.007258462886085	7.914469029077528	7.818291924047248	7.721508564476885	7.625258438789857	7.529274903447166	7.433324169358986	7.337411425972196	7.24157874982504	7.1458350775322845	7.050177200647076	6.954605320125443	6.859122397404143	6.763731400508627	6.668434898941274	6.573235460693953	6.478135799292217	6.383138738430949	6.2882471874028285	6.193464150235456	6.098792738449433	6.004236177376527	5.909797809065616	5.8154810941305595	5.721289612898081	5.62722706618286	5.533297276392486	5.439504189624072	5.345851879113126	5.252344550062289	5.158986545596414	5.0657823533989905	4.972736612518134	4.879854119900735	4.787139836396043	4.694598892207561	4.6022365919924	4.510058419948267	4.418070045263553	4.326277328259762	4.234686327494865	4.143303308097893	4.052134751709466	3.9611873685891807	3.8704681126491245	3.7799842003137427	3.6897431341588294	3.599752732255935	3.510021164066152	3.4205569936266462	3.3313692307492664	3.2424673911760964	3.1538615672643786	3.0655625117382606	2.9775817379777796	2.889931640774231	2.8026256414098283	2.7156783608539525	2.6291058254657242	2.5429257107631136	2.457157629465212	2.371823469121608	2.2869477829415974	2.2025582375476125	2.11868612525639	2.035366954183047	1.9526411314553753	1.8705547497254065	1.7891604798314524	1.708518574186691	1.6286980021695994	1.5497777599969695	1.4718484015434399	1.395013812777767	1.3193932193026678	1.2451234073726674	1.1723611602912325	1.1012859203839018	1.0321026242070077	0.9650445184126848	0.9003755981593625	0.8383921764118748	0.77942303373992	0.7238276827481562	0.6719925626101049	0.6243253140598477	0.5812472342983719	0.5431830678874702	0.5105453739306911	0.4837087996619953	0.4629705592173237	0.44850266094048913	0.44032761791407765	0.4377985364389275	0.43735981763418635	0.43729197401974024	0.43728616210285653	0.43729196919014707	0.43735978287930516	0.4377983492770874	0.44032667094399497	0.44849942127476694	0.4629630018363739	0.48369447801270815	0.5105218161263855	0.5431482574129398	0.5811999155069234	0.6242650728550091	0.6719197469333159	0.7237432348585119	0.7793282843964234	0.8382886382272451	0.9002647882657487	0.9649278302948723	1.0319812556364063	1.1011608526764998	1.172233175394419	1.244993124903842	1.3192611372659409	1.3948803424068739	1.4717138942431873	1.5496425283817168	1.6285623370326203	1.708382757421393	1.7890247925139051	1.8704194753280994	1.952506555351839	2.0352333610416857	2.118553795462433	2.2024274430955924	2.286818782926679	2.371696505094126	2.457032921160272	2.5428034527649523	2.628986185176293	2.7155614778640467	2.802511628164843	2.8898205843104052	2.977473702426411	3.065457541222217	3.153759688770294	3.242368617027233	3.3312735604447408	3.420464415013857	3.5099316540047254	3.59966625705164	3.689659650066023	3.779903654332674	3.8703904437132	3.9611125090931534	4.052062629217756	4.1432338470237475	4.23461945056164	4.326212957624156	4.418008103259993	4.509998829468911	4.602179276533066	4.694543775596879	4.7870868422123944	4.87980317059967	4.97268762835648	5.065735251338414	5.158941238461345	5.252300946265511	5.345809883205108	5.43946370375357	5.533258202507703	5.627189308513722	5.721253080025569	5.8154456998569275	5.9097634714143314	6.004202815389423	6.098760266962382	6.193432473391263	6.288216192147849	6.383108289488668	6.478105737009597	6.573205602697279	6.668405045800432	6.763701344792993	6.85909193492193	6.9545742619336055	7.050145384172294	7.145802374386869	7.241545069012896	7.337376719240561	7.433288450935571	7.529238256605056	7.625220906950257	7.721469990025952	7.818252432139418	7.914430481604554	8.007222901421324	8.100682492386357	8.215672305463569	8.34817484055361	8.387193551554429
8.413563569102156	8.374764405853856	8.242674038943083	8.127873734011308	8.034611788220685	7.942073058496707	7.846153266122584	7.749620115341142	7.6536224481777815	7.55789789987344	7.462211234253744	7.366566575391371	7.271006227043249	7.175539477995355	7.080163225814556	6.984877711728381	6.889685978578817	6.794591099043563	6.699595745243575	6.60470258391638	6.509914427328917	6.415234198382116	6.320664905087132	6.226209649493089	6.131871640913178	6.037654202828608	5.943560776263616	5.849594921926334	5.75576032143217	5.662060777922539	5.568500216819216	5.475082687452671	5.381812366015525	5.2886935599547815	5.195730713619864	5.102928414769887	5.010291401450511	4.917824568794844	4.825532975465331	4.733421849684943	4.641496595041926	4.549762796433413	4.458226226605928	4.366892853761163	4.275768850668254	4.184860605720603	4.094174736439237	4.00371810605191	3.913497843919587	3.8235213706841793	3.73379642905413	3.6443311211569296	3.555133953414791	3.466213889968847	3.377580415808211	3.2892436110139567	3.2012142380051856	3.113503844401866	3.026124884906277	2.939090866077765	2.8524165177938317	2.766117994804906	2.680213111770804	2.5947216159388917	2.5096655026803454	2.42506937925135	2.340960880895151	2.2573711421541915	2.1743353275225723	2.091893230075924	2.0100899513777275	1.9289766759704903	1.8486115482742607	1.7690606551681327	1.6903991227315194	1.6127123509781163	1.536097422647978	1.4606647138762787	1.3865397026995012	1.3138649332722292	1.2428020690807204	1.173533954911145	1.1062665816112793	1.0412307922162782	0.9786834862169526	0.9189079910150416	0.862213223074938	0.8089313350757089	0.7594137670195912	0.714025813510592	0.6731395926372882	0.6371243154004665	0.6063311952717468	0.5810693943929964	0.5615715531173373	0.5479561935734023	0.5402140285918741	0.5377875957341332	0.5373667053418559	0.5373016255714299	0.5372960519238037	0.5373016212674716	0.5373666745894637	0.5377874316708672	0.5402132063342359	0.5479531080706805	0.5615639509566313	0.5810546225567196	0.6063065553401092	0.6370875438227196	0.673089210280349	0.7139612592261237	0.7593353520399949	0.8088400827388191	0.8621106469938457	0.9187958562663099	0.9785635939078575	1.0411048172826558	1.1061359760474605	1.1733999112116222	1.2426655277266323	1.313726615213505	1.386400151242092	1.4605243367012488	1.535956530107595	1.6125711893429642	1.69025790139245	1.7689195668786815	1.8484707824110085	1.9288364260137938	2.0099504183991694	2.0917546236669633	2.174197864846065	2.257235045332694	2.3408263729894014	2.4249366793654223	2.5095348208970805	2.594593148709092	2.6800870381610595	2.7659944738096587	2.8522956867933003	2.938972840430249	3.0260097585489216	3.1133916912046127	3.2011051135322233	3.289137554343159	3.377477451145683	3.466114027935534	3.5550371920243387	3.644237446608101	3.73370581650582	3.823433785163722	3.9134132414490264	4.00363643498854	4.094095938948244	4.184784619254414	4.275695609327264	4.366822289441249	4.458158269876025	4.549697377110514	4.641433642436029	4.733361292485412	4.825474741255647	4.917768583233466	5.010237587243321	5.102876690662816	5.195680993718419	5.28864575368463	5.381766378941549	5.475038422968666	5.568457578439719	5.662019671620918	5.755720657264954	5.849556614149588	5.943523741338256	6.037618355126262	6.131836886501761	6.226175878969078	6.3206319868654415	6.415201974008058	6.509882710160259	6.604671161954386	6.699564388089087	6.794559568144605	6.8896540394276204	6.984845146586692	7.08012984538565	7.175505129705693	7.270970798804985	7.366530002198066	7.462173520276154	7.557859125804811	7.65358265556673	7.749579139048361	7.846111254449526	7.942032003458369	8.034573830698609	8.127830074033476	8.242604406710921	8.374707758196966	8.413563569102156
8.440752947067088	8.402124508369116	8.270445296545924	8.155864005239042	8.062809063547762	7.970526443532325	7.874869701419092	7.778592217076317	7.682852365929449	7.5873922335891155	7.491975120472362	7.396604039835282	7.30132151425586	7.206137188719493	7.11104806414171	7.016054414792599	6.921159358044696	6.826366065484143	6.731677306508037	6.637095841399142	6.542624576136101	6.448266527853115	6.354024798110572	6.259902581368322	6.165903178520056	6.0720300043235955	5.9782865912807015	5.884676592185653	5.79120378159044	5.697872056453628	5.604685436724152	5.5116480666587035	5.4187642174091275	5.3260382910840445	5.23347482618483	5.141078504086414	5.048854156118916	4.956806770827188	4.86494150112789	4.773263671304988	4.6817787840266405	4.590492527773705	4.4994107852054315	4.408539643044282	4.31788540406499	4.227454601768994	4.137254018356643	4.047290706688292	3.957572017026937	3.8681056294398455	3.7788995927883646	3.6899623712826326	3.6013028996729055	3.5129306483191267	3.4248556996084925	3.337088837455382	3.249641651946754	3.162526661644336	3.0757574565864965	2.989348865430711	2.90331715016769	2.817680231408896	2.7324579468453214	2.647672345700491	2.5633480229304135	2.4795124977561778	2.3961966408449387	2.3134351532163784	2.2312670995337305	2.149736500779483	2.0688929959400135	1.988792585663082	1.9094984693348809	1.8310819816102115	1.753623631215013	1.6772142490527913	1.601956260847738	1.5279650991784393	1.4553707491832928	1.384319382372831	1.3149749876338974	1.2475208732715417	1.1821608964343067	1.1191202730541596	1.058645817852702	1.0010054453314505	0.9464867433917266	0.8953944593069848	0.8480468189523657	0.8047705965598055	0.7658945131674973	0.7317397359961937	0.702605288449539	0.678746069317584	0.6603436866740351	0.6474776703664121	0.6401190516675969	0.637787260712673	0.6373830022574761	0.6373205331780202	0.6373151857166843	0.6373205293913767	0.637382975344376	0.6377871181000837	0.6401183420991987	0.647474785084535	0.6603362756772142	0.6787313989044753	0.7025805365937471	0.7317024418612378	0.7658429489605824	0.8047039543061582	0.8479652167819894	0.8952988154134899	0.946378568582873	1.0008866015491684	1.0585182866393683	1.1189859678484295	1.182021535299088	1.2473779113968202	1.3148295981352887	1.3841724705509073	1.4552229868475108	1.5278169687050505	1.6018081013958871	1.6770662994171652	1.7534760656973953	1.8309349374502906	1.9093520662769075	1.9886469393938722	2.068748227127296	2.149592740742817	2.231124492953682	2.313293858141835	2.396056826474157	2.479374340693711	2.563211702647352	2.6475380397859456	2.732325826477488	2.8175504573745513	2.9031898696922345	2.9892242099852395	3.0756355406965157	3.1624075825758635	3.2495254900429114	3.336975656866232	3.424745549189791	3.5128235625457473	3.6011988994949267	3.6898614649275587	3.778801776565945	3.8680108886247893	3.9574803268770458	4.047202033612086	4.137168321195934	4.227371833127076	4.317805511598013	4.40846257063629	4.4993364739544335	4.590420916718397	4.681709810543948	4.773197271120565	4.864877607921357	4.9567453154894014	5.0487950658209995	5.141021701421624	5.233420228703212	5.325985811515271	5.418713764736486	5.511599547973271	5.6046387594968	5.697827130589921	5.791160520472174	5.884634911934311	5.978246407744055	6.071991227765277	6.165865706590242	6.259866291502838	6.3539895408788105	6.44823212282029	6.5425908114736435	6.637062477822815	6.7316440852966455	6.826332719574296	6.921125624807572	7.016020049158182	7.111012850644528	7.2061009502461	7.301284116539822	7.396565399610149	7.4919352302588385	7.587351169957745	7.682810166988431	7.778548708922996	7.874825055699114	7.97048278298189	8.062768622902398	8.155817442816991	8.27037136297488	8.402064682173148	8.440752947067088
8.468753501778819	8.430300242432141	8.29904263613654	8.18468511042323	8.091841051051697	7.999819690559223	7.9044314796546695	7.808414865717105	7.712937923178802	7.617747358600783	7.522604995977745	7.4275126927942665	7.332513181388688	7.237616466831495	7.142819650783296	7.048123033136446	6.953529798496735	6.8590432111104525	6.76466613180821	6.670401408783037	6.576252036393707	6.482221120918849	6.388311852389405	6.294527512351567	6.200871487518329	6.107347277628025	6.013958499831431	5.920708891744744	5.8276023133255626	5.734642747762239	5.641834302109442	5.549181208508047	5.456687826601343	5.364358647443307	5.272198298891797	5.180211552240334	5.0884033297110545	4.9967787124322305	4.905342948647141	4.8141014621090035	4.723059860857062	4.632223946789542	4.541599726612206	4.451193424831584	4.361011499490806	4.2710606613458	4.181347897188325	4.0918804980634835	4.002666093199725	3.913712690545691	3.8250287248750094	3.7366231144939137	3.648505327710389	3.5606854604254066	3.473174326462647	3.385983562500068	3.299125749669183	3.212614554082852	3.1264648887948208	3.0406930999347574	2.9553171798122486	2.8703570094901987	2.7858346328496304	2.7017745639966733	2.6182041304038233	2.5351538551925388	2.452657882574668	2.3707544500382727	2.2894864100168317	2.2089018042546877	2.1290544969594696	2.050004876713806	1.9718206385541133	1.8945776542302868	1.8183609320477616	1.7432656624603637	1.669398344185981	1.5968779839422544	1.5258373518725168	1.4564242476576648	1.3888026919657568	1.323153918188204	1.2596770198831622	1.1985891220374087	1.1401249798175757	1.0845359403343582	1.032088213642275	0.9830603901195301	0.9377400926043028	0.8964194837004467	0.8593889751187249	0.8269279493555514	0.7992909066686144	0.7766878620267206	0.7592601838011411	0.7470589344180834	0.7400431313830174	0.7377984674271073	0.7374095772185526	0.7373495280064059	0.737344390161368	0.7373495247216408	0.7374095539452462	0.737798344584539	0.7400425232999259	0.7470562687102026	0.7592530959937235	0.7766736216250997	0.7992666522208208	0.8268910908659404	0.8593375653255954	0.8963524431561253	0.9376572671115219	0.9829624706266293	1.0319765634314726	1.0844123747942178	1.1399915401734082	1.1984478755930068	1.259529906189253	1.3230026474459207	1.3886486926385455	1.4562686551319493	1.525681027603174	1.5967215537318444	1.6692422448998872	1.7431101886180915	1.8182062769292262	1.8944239434286112	1.971667956262807	2.0498532859829157	2.1289040550114278	2.2087525734675246	2.2893384649403097	2.370607880903777	2.4525127959562663	2.5350103725498765	2.618062385161926	2.70163469770282	2.7856967908791823	2.870221336740452	2.9551838167655533	3.0405621793587736	3.126336533204299	3.2124888739614894	3.299002842369448	3.385863511699781	3.473057202043823	3.560571318644987	3.648394211554871	3.7365150541496868	3.8249237382923242	3.9136107841092858	4.002567262530811	4.091784728966003	4.181255166727438	4.270970939020617	4.360924748442768	4.451109603014172	4.541518787833993	4.632145841532231	4.722984536770995	4.814028864113352	4.905273018620455	4.99671138857062	5.088338545739466	5.180149236754841	5.272138375147065	5.364301033844193	5.456632437995187	5.549127958121757	5.641783103685865	5.73459351720568	5.827554969057913	5.920663353073906	6.013914682967467	6.107305089506286	6.200830818190755	6.294488227228631	6.388273785895461	6.482184073054745	6.576215773269257	6.670365667478194	6.764630629118026	6.859007655067705	6.953493901322832	7.048086524468335	7.1427822899700075	7.237578052213065	7.332473555751609	7.427471753413684	7.522562722403121	7.6177038219123565	7.712893156503034	7.808368685015966	7.904384079737272	7.999773324582435	8.091798040944553	8.184635562014607	8.298964333159171	8.430237226480905	8.468753501778819
8.497556921665943	8.459283085358939	8.328457079350603	8.214327882671656	8.121698388887308	8.029943184059302	7.934828730673547	7.839077939773432	7.7438687360564415	7.648952616363237	7.554089918546425	7.459281299932876	7.364569692995362	7.2699654667764815	7.1754658213382685	7.081071074805148	6.986784471507469	6.89260936177971	6.7985486916840525	6.704605391355562	6.610782537972658	6.517083321818412	6.42351101648714	6.330068985692525	6.236760696830347	6.1435897291369646	6.050559778553375	5.957674661355671	5.864938316604567	5.7723548075002835	5.679928322326874	5.587663175839032	5.495563811764757	5.403634806807712	5.3118808762408785	5.220306880941289	5.128917835572428	5.037718917604048	4.946715476963643	4.855913046305972	4.765317352119071	4.674934327108296	4.584770124476879	4.4948311348331105	4.405124006502555	4.315655670029862	4.2264333676502766	4.137464688524735	4.048757610576523	3.960320549834199	3.8721624182609777	3.7842926911367343	3.6967214851795887	3.6094596487732074	3.5225188658870774	3.4359117754737376	3.34965210823047	3.2637548426237535	3.178236382073604	3.0931147552518308	3.008409841508551	2.924143623346774	2.8403404675577204	2.7570274363495475	2.6742346299807704	2.5919955632269205	2.5103475790323198	2.4293323031425853	2.3489961430906052	2.269390834429306	2.1905740378920475	2.1126099934706546	2.035570239370759	1.9595344024278742	1.8845910602637261	1.8108386658252076	1.7383865155324985	1.6673557350118926	1.5978802489087935	1.530107687913684	1.464200163224924	1.400334811169417	1.3387039939305017	1.2795150525095875	1.2229895459710987	1.1693619564648186	1.1188778627640092	1.0717915543405054	1.0283629331916915	0.9888533002707323	0.9535192847364392	0.9226038918406738	0.8963236491650823	0.8748514842645646	0.8582969977740166	0.8466903861211944	0.8399835671623043	0.8378193919624416	0.8374447048577545	0.8373868913729637	0.8373819469310396	0.8373868885660234	0.8374446849772036	0.8378192871246651	0.8399830498947946	0.8466879436268507	0.8582903024468976	0.8748378632968804	0.8963002643669771	0.922568088444569	0.9534689447714353	0.9887870888119403	1.0282803989414977	1.0716930977780237	1.1187646073668192	1.169235562654729	1.2228520039011548	1.2793684829736436	1.3385504782904187	1.40017626272181	1.4640382447594606	1.5299437734978343	1.5977154224317474	1.667190814578209	1.738222092171679	1.8106751469602178	1.8844287117207579	1.9593733859635574	2.0354106447850473	2.112451865270931	2.1904173966759317	2.2692356932165723	2.348842519001321	2.429180225020489	2.5101970917081853	2.5918467290821723	2.674087528395419	2.756882161580722	2.840197125590397	2.9240023282271363	3.008270711577447	3.092977909564771	3.1781019371771353	3.2636229097858114	3.349522791183789	3.435785168697346	3.52239505340586	3.609338703409113	3.6966034681611735	3.784177651977913	3.872050394848298	3.960211568696413	4.048651687334029	4.137361828522647	4.226333566769528	4.315558915651542	4.405030278576163	4.494740406972548	4.584682364983053	4.674849499801538	4.765235416869263	4.8558339591838635	4.94663919000807	5.0376453782992625	5.128846986235729	5.2202386582993725	5.311815211485646	5.403571626339486	5.49550303864624	5.58760473172336	5.6798721293481815	5.772300789410084	5.8648863983881405	5.957624766729503	6.0505118251326415	6.1435436216076935	6.2367163190372334	6.330026193000568	6.423469629948776	6.51704312550055	6.610743280294511	6.704566790578447	6.798510444961333	6.892571156647788	6.986745998615792	7.08103204100168	7.175425962165946	7.269924556413932	7.364527550934785	7.459237803232565	7.554045032864412	7.648906406198255	7.743821228098944	7.839028938361876	7.934778453208908	8.029894012917627	8.121652725371238	8.214275269762922	8.32837434889707	8.459216876965122	8.497556921665943
8.527154778231576	8.489064397878318	8.358679531880515	8.244783040365613	8.152371602761406	8.060887198388038	7.966051476471311	7.870571212620924	7.775634318583734	7.68099724929645	7.586418849996791	7.491898534091264	7.3974794240706485	7.303172256966691	7.20897432935853	7.114885970485062	7.020910476932196	6.927051278461705	6.833311400007656	6.739693847506294	6.646201775290052	6.552838452557607	6.459607231834123	6.366511554615665	6.273554964642754	6.18074111621403	6.088073779469591	5.995556844646276	5.903194325249979	5.810990360105995	5.7189492148938825	5.627075284008137	5.535373093460835	5.443847305290112	5.352502723666149	5.261344302649454	5.1703771554053075	5.079606564645943	4.9890379941575125	4.8986771014428205	4.808529751729037	4.71860203380622	4.6289002783414865	4.5394310794345	4.450201320239644	4.361218203492019	4.27248928776303	4.184022530265222	4.095826337045663	4.007909621457067	3.9202818718659262	3.832953229637845	3.745934578536119	3.659237646793733	3.572875123265634	3.486860789190915	3.4012096671246628	3.315938188509103	3.2310643812063726	3.146608078229911	3.0625911489479702	2.9790377541091524	2.8959746260102035	2.8134313749869637	2.7314408234143337	2.650039368872917	2.569267379073903	2.489169622017062	2.4097957350390216	2.3312007357929647	2.253445577500392	2.1765977508573497	2.10073193548438	2.025930702898055	1.9522852682322396	1.8798962784536712	1.80887461250074	1.7393421573469983	1.6714325160829684	1.6052915987307728	1.5410780398830142	1.478963377860631	1.419131923420457	1.3617802520181532	1.3071162764177762	1.2553578865618027	1.2067311565802383	1.1614680741687422	1.119803599156894	1.0819716032496955	1.0481989826300284	1.0186971480214166	0.993650331829434	0.9732008621214536	0.9574332173267053	0.9463622592935451	0.9399360306210256	0.9378466529697912	0.9374851628047628	0.93742942542702	0.937424660455516	0.9374294230598171	0.9374851460047461	0.9378465642814107	0.9399355941520172	0.9463600346291815	0.9574269447480775	0.9731879595815025	0.9936280272556792	1.0186627746801935	1.0481503042155853	1.0819070668581043	1.1197224683828544	1.1613704413171992	1.2066178586047513	1.255230357121344	1.306976364848837	1.3616300353906765	1.4189735328039732	1.4787988545716992	1.5409092312182733	1.6051200956326501	1.6712596286031525	1.739168919343797	1.8087018056123982	1.8797244665456836	1.9521148358654996	2.0257618936415476	2.1005648875252487	2.176432528401675	2.2532821971929655	2.3310391879803998	2.409636000144615	2.4890116825319955	2.5691112277284853	2.649885013545185	2.7312882893519426	2.8132807049601536	2.8958258790132425	2.978891003140203	3.0624464782491314	3.146465580232193	3.2309241533527	3.3158003301191243	3.401074276472578	3.486727960947263	3.5727449463951984	3.6591102029267235	3.745809940770276	3.8328314617035777	3.9201630275928405	4.007793744503048	4.09571346087263	4.183912678358069	4.272382474086266	4.3611144331627	4.450100590368409	4.539333380054191	4.628805593313325	4.718510341577813	4.808441025828249	4.8985913106352115	4.988955102272819	5.0795265301791686	5.170299931095434	5.2612698352993	5.352430954455765	5.443778170730512	5.53530652693683	5.627011217603066	5.718887580940805	5.810931091752964	5.903137355339476	5.995502102434099	6.088021185132011	6.1806905736326	6.273506353478916	6.3664647230401155	6.459561991338728	6.552794576009537	6.646158998848912	6.739651876356866	6.833269917242861	6.927009956083511	7.020868988014693	7.114844001952576	7.208931594710414	7.303128507062634	7.397434455299463	7.491852203109628	7.5863711081713365	7.68094815381468	7.775583888378866	7.87051923881621	7.965998198094299	8.060835124959638	8.152323206067436	8.244727290599444	8.358592326068964	8.488995002450759	8.527154778231576
8.557538536437793	8.51963543483555	8.389700794587611	8.276041198121113	8.183851116870489	8.092641908874068	7.998089642539986	7.902884364216063	7.808224094930575	7.7138704137535274	7.619580670010878	7.52535299007956	7.431230675908979	7.337224836770969	7.243332864523467	7.149555092923564	7.055894863661334	6.962355679455665	6.8689406378540925	6.7756528145032	6.682495435300547	6.5894718434721335	6.496585466251339	6.403839819209387	6.311238519067945	6.218785292024756	6.126483979381557	6.034338542447951	5.942353066567373	5.850531764088274	5.758878976784668	5.667399178528493	5.576096978950748	5.484977128622154	5.394044526041336	5.30330422649389	5.212761452691918	5.122421607057694	5.032290285580916	4.9423732933322135	4.852676661915027	4.763206669340814	4.673969862983811	4.584973086390859	4.496223510783917	4.407728672106397	4.319496514447978	4.231535440661035	4.143854370977416	4.0564628104590374	3.969370926164991	3.882589634977696	3.7961307030903697	3.7100068582185415	3.624231915660731	3.5388209193776827	3.45379029924026	3.369158045478545	3.284943901179754	3.201169573539621	3.1178589645859374	3.035038422272883	2.9527370130611525	2.8709868172061612	2.789823247999729	2.709285396382909	2.6294164028816187	2.5502638595794824	2.471880245295152	2.3943233967135202	2.317657016877559	2.241951220723641	2.167283115747868	2.093737414009601	2.0214070679682496	1.9503939154813783	1.8808093086786764	1.812774689934964	1.7464220697685353	1.6818943587853634	1.6193455080399244	1.558940416544516	1.5008545694121262	1.4452733757586624	1.3923911823696673	1.3424099441210326	1.2955375225833816	1.2519855287949189	1.2119664857904686	1.175689872214099	1.1433564383777972	1.1151502315707462	1.0912281119340066	1.0717072133968808	1.056652140820593	1.046066508894584	1.0398966490784514	1.0378771384988787	1.0375279768302135	1.037474178998495	1.0374695817350277	1.0374741770174507	1.037527962743002	1.0378770640952988	1.0398962842507222	1.046064491679928	1.0566462967407328	1.0716950691444582	1.0912069886430946	1.1151174910302022	1.1433097751603505	1.1756275624445502	1.2118875414476444	1.251889745825599	1.29542543705488	1.3422827214545159	1.3922504657576298	1.4451211171869454	1.5006928633803014	1.5587713527824725	1.6191710545090348	1.6817162801539314	1.7462418806353588	1.81259363780925	1.8806283797407521	1.95021385603132	2.021228415333265	2.0935605318413115	2.1671082298322495	2.2417784526051086	2.3174864136968933	2.3941549565399334	2.471713937801372	2.5500996422059186	2.629254232801887	2.709125238738396	2.7896650810289834	2.870830634983075	2.9525828265088823	3.0348862589540264	3.117708867574243	3.2010215995503755	3.284798118111238	3.3690145295604004	3.4536491320294838	3.5386821848406114	3.6240956975236442	3.7098732376871926	3.795999756963981	3.8824614341369514	3.969245534399094	4.0563402836040705	4.143734756353017	4.231418776802909	4.319382831132301	4.407617990646132	4.496115844548605	4.584868441467176	4.673868238864485	4.763108059516334	4.852581054257089	4.942280670205854	5.032200623701018	5.122334877200146	5.212677619454003	5.3032232483395605	5.393966355834316	5.484901714727508	5.576024266783496	5.667329112186989	5.758811500194904	5.850466820981829	5.942290598686484	6.034278485641349	6.126426257690994	6.218729810370198	6.311185155584539	6.403788418535976	6.49653583502996	6.589423748986951	6.682448607653829	6.775606952146033	6.868895415822055	6.962310759465538	7.0558499054437815	7.149509766621905	7.243286863749471	7.337177890446575	7.431182558166612	7.525303537682443	7.619529820248473	7.713818216191561	7.8081705595826225	7.90282926730173	7.998033243365558	8.09258684122149	8.183799913181268	8.275982246293845	8.389609075679468	8.51956286527883	8.557538536437793
8.588699564779786	8.550987355615574	8.421511574403953	8.308092877562668	8.216127264659535	8.12519740275648	8.030933069071049	7.936006992697178	7.841627411612705	7.747561193024476	7.653564190141501	7.559633199865868	7.4658116926237135	7.372111154484357	7.278529072153716	7.1850657780707765	7.091724652483707	6.99850926509904	6.905422780227078	6.812468337464415	6.719649229003197	6.626968867611486	6.534430751592965	6.442038467731576	6.349795703522458	6.257706255388316	6.165774034574669	6.074003072708744	5.982397526789779	5.89096168329376	5.7996999617757945	5.7086169187085	5.617717252290059	5.527005808801643	5.43648759088897	5.346167767937592	5.256051688559799	5.166144895153103	5.076453140535816	4.986982406794577	4.897738926654951	4.808729207868983	4.719960061269363	4.631438633248579	4.54317244347735	4.455169428685801	4.367437993307867	4.2799870677539715	4.192826175049508	4.1059655065712555	4.0194160076317464	3.9331894736904323	3.8472986579931048	3.761757391448685	3.6765807155472428	3.5917850291059024	3.507388249584829	3.423409989620861	3.3398717492875774	3.2567971244765768	3.1742120318150038	3.092144950752322	3.010627183799169	2.929693136208723	2.8493806165190754	2.7697311593709073	2.6907903720835438	2.6126083067355688	2.535239859732095	2.458745200501899	2.3831902295533487	2.3086470636102017	2.2351945424425956	2.1629187487793824	2.0919135291191893	2.022280998398404	1.9541320045763952	1.8875865210300402	1.822773927901906	1.7598331415488093	1.6989125557625	1.6401697683120828	1.583771077543169	1.529890740336386	1.4787099792951308	1.4304157116956426	1.3851989428744185	1.343252705512558	1.3047693070141861	1.2699364859193252	1.2389319863892965	1.2119161851026201	1.1890227871330643	1.170348210051536	1.1559413470041042	1.1457976278293267	1.139863139667148	1.1379090922039565	1.1375714805436552	1.1375194997510785	1.1375150596595154	1.1375194981025616	1.137571468833123	1.1379090304421586	1.1398628383284166	1.14579580511896	1.1559359224520218	1.1703368273296233	1.189002876455673	1.2118851665235828	1.2388875279675828	1.2698767405037392	1.304693077305434	1.343159518723386	1.3850890406555412	1.4302899736404067	1.478569801750743	1.529737891104127	1.5836075445541515	1.6399976173629325	1.6987338086169208	1.7596496812123876	1.8225874333810133	1.8873984302242341	1.9539435015151794	2.022093019724789	2.0917267842866893	2.1627337486769247	2.2350116319456017	2.308466454649948	2.3830120324014947	2.458569451848981	2.5350665467457962	2.6124373867212562	2.6906217877620624	2.769564850165598	2.849216526527951	2.9295312196336907	3.0104674084955034	3.0919873003341527	3.1740565065375197	3.256643741007349	3.3397205394904694	3.4232609985519167	3.507241532968184	3.5916406505736242	3.676438743885633	3.7616178980191473	3.847161714419359	3.9330551498473496	4.019284369941727	4.105836616607266	4.1927000884486745	4.279863833450066	4.367317653085994	4.455052017044162	4.543057987751141	4.631327153916967	4.719851572338668	4.808623717215299	4.897636436226913	4.986882912625752	5.076356632590911	5.166051357116729	5.255961097744696	5.346080095510487	5.436402802561273	5.52692386599987	5.6176381136241424	5.70854054134029	5.799626302122158	5.890890696449705	5.982329164177612	6.073937277756525	6.165710736651373	6.257645362673377	6.349737095837509	6.441981990501217	6.534376211976252	6.626916033488378	6.719597831022639	6.812418073910155	6.90537332416336	6.998460273232877	7.091675775510005	7.185016672716508	7.278479414723642	7.3720606539675675	7.465760102501057	7.559580338294969	7.653509981217225	7.747505678820783	7.841570592222616	7.935948627654531	8.030873436259945	8.125139256628277	8.216073187724806	8.308030666395302	8.421415314480075	8.550911631558472	8.588699564779786
8.620629145333067	8.583111234590255	8.454102495397159	8.340928518337593	8.249190299875723	8.158543690478314	8.064571522573187	7.969928626454982	7.8758335502270596	7.782058610978591	7.688358168603853	7.5947276487492426	7.5012106789112645	7.407819126859519	7.314550574651108	7.221405348543571	7.128386861681156	7.035498745610587	6.9427442262996	6.85012650219215	6.757648927118726	6.665314979562709	6.5731282260631465	6.4810923227933745	6.389211027160189	6.297488205832243	6.205927840839578	6.114534035786383	6.023311021897552	5.9322631634504415	5.841394962843704	5.75071106595596	5.660216268499957	5.569915523979075	5.479813953692148	5.389916859053505	5.300229736350202	5.210758293990585	5.1215084723228275	5.032486466204652	4.9436987506542	4.855152110069371	4.76685367163719	4.678810943646067	4.591031859456498	4.503524827884624	4.416298790720557	4.329363288054663	4.242728532036802	4.156405489659327	4.070405975139443	3.9847427524734726	3.8994296487290088	3.814481678617642	3.7299151808505036	3.6457479667318697	3.561999481400797	3.4786909780836304	3.3958457056679814	3.313489109877712	3.2316490483856293	3.150356020413293	3.069643411725327	2.9895477562979744	2.910109016137757	2.831370880638254	2.7533810865663555	2.6761917594442575	2.5998597767899922	2.5244471531233823	2.4500214453190976	2.3766561744074592	2.304431256402231	2.2334334307812194	2.1637566714898773	2.095502561898541	2.0287806116164795	1.9637084892228727	1.900412141629704	1.8390257699452952	1.77969163554551	1.722559679090079	1.6677869461838892	1.6155368185268277	1.5659780400984373	1.519283501699986	1.4756287072181062	1.435189785939684	1.398140820809981	1.3646501485645932	1.3348752509176258	1.308956021029732	1.2870065708072893	1.2691062725443776	1.2552915942213563	1.245552079560269	1.2398345674708153	1.2379419736636277	1.2376151950440226	1.2375649164573148	1.2375606235062635	1.2375649151125063	1.2376151854916644	1.2379419231627704	1.2398343221049106	1.2455504374588648	1.2552865725718	1.2690956339089452	1.2869878626632403	1.3089267424954905	1.3348330778002624	1.3645931532004798	1.3980676395419314	1.435099711831029	1.4755217072357765	1.5191601707295268	1.5658395091758546	1.6153846347835967	1.667622940176202	1.7223858328219488	1.779509961827868	1.8388382107388306	1.9002204898666182	1.9635143355849316	2.0285853151310933	2.0953072412158797	2.1635622124901777	2.2332405057877	2.304240350601735	2.3764676158020546	2.449835435331154	2.5242637956857013	2.5996791043806944	2.67601375515263	2.7532057019179703	2.831198049475501	2.9099386652133585	2.989379813323489	3.0694778114699157	3.150192709203011	3.2314879871505084	3.3133302758104284	3.3956890925894507	3.478536595699549	3.5618473537131567	3.6455981299009226	3.7297676807795677	3.8143365684736534	3.8992869865420854	3.98460259890032	4.0702683914386935	4.1562705359110605	4.242596265635027	4.32923376249928	4.416172054725397	4.5034009247968285	4.590910826952	4.67869281363311	4.76673847027474	4.855039857799994	4.943589462169348	5.032380150306453	5.121405131713481	5.210657925091713	5.30013232930494	5.389822398066671	5.479722417798677	5.5698268881957365	5.660130505132507	5.750628145650817	5.841314854852462	5.932185834577047	6.023236433755415	6.114462140296121	6.205858574285693	6.297421482169073	6.389146731503957	6.481030306077729	6.573068301653306	6.665256922280248	6.757592474747312	6.850071359243965	6.942690069709417	7.035445232147682	7.1283336372663735	7.221352060048749	7.31449688412092	7.407764726050272	7.501155303080799	7.5946710995543425	7.688300358498316	7.781999575095277	7.8757732778793335	7.969866858618578	8.064508553708023	8.158482391546972	8.249133292330624	8.340862998936903	8.454001675729263	8.583032381451797	8.620629145333067
8.653318484045592	8.615998071879545	8.48746411035094	8.374538489778224	8.283030408372655	8.19267071783931	8.09899470844981	8.004638737248085	7.910831741316872	7.8173516469389215	7.723951326433432	7.630624793077497	7.537415819591911	7.444336660702864	7.351384995342147	7.258561139869901	7.165868535799735	7.073310872504358	6.980891433596818	6.888613472279375	6.796480400316528	6.70449575904034	6.612663181452714	6.520986392554687	6.429469220348119	6.338115603657732	6.246929598402943	6.15591538446749	6.0650772728792	5.974419712738317	5.883947298013519	5.793664774756665	5.7035770493903915	5.613689198678063	5.524006481872094	5.434534355389093	5.345278490226514	5.25624479226022	5.167439425565374	5.0788688389766445	4.990539796221035	4.902459410084386	4.814635181180861	4.727075041964338	4.639787406645639	4.5527812276644335	4.4660660593203865	4.379652129107769	4.293550417234015	4.207772744747096	4.122331870656038	4.037241598402344	3.952516892017822	3.868174002274545	3.7842306030913067	3.700705938418545	3.61762097979842	3.5349985948006792	3.4528637265671724	3.371243584757073	3.2901678482892307	3.209668880462916	3.1297819573139627	3.0505455103587633	2.972001385034249	2.8941951159886394	2.817176219859091	2.7409985053945065	2.6657203999067143	2.591405290068924	2.518121873759142	2.4459445175598327	2.3749536114781287	2.3052359087560803	2.2368848350611343	2.1700007486613795	2.1046911317081975	2.041070692227059	1.9792613565231727	1.9193921326979346	1.8615988288913925	1.8060236155337461	1.7528144274184774	1.702124202196578	1.6541099384799425	1.6089315269248323	1.5667502675292235	1.527726936964743	1.4920192002131991	1.4597780834415397	1.4311432215727147	1.4062367710550807	1.3851562387783702	1.3679669383709703	1.3546954942454188	1.3453272620935572	1.339810487585689	1.337975690776219	1.3376590991433892	1.337610418630289	1.3376062635335688	1.337610417550943	1.3376590913374862	1.3379756492307848	1.3398102903981424	1.3453257877456408	1.3546908561946551	1.3679570154974645	1.385138698947046	1.4062092058642781	1.4311033404586053	1.459723913994636	1.4919492521831126	1.5276403061795152	1.5666466743280258	1.6088112963232462	1.653973935232577	1.7019737351357378	1.7526511364100605	1.8058493526860915	1.8614155438205138	1.919201769687489	1.9790657692174998	2.040871579080695	2.1044899929875616	2.1697988636797776	2.236683256821452	2.305035472383657	2.3747549526327645	2.4457480971914163	2.5179280059347318	2.591214170095063	2.665532130619665	2.7408131202785566	2.816993702467625	2.8940154158121176	2.971824430346267	3.0503712186496843	3.1296102437802307	3.2094996648040173	3.290001059898481	3.3710791663352495	3.452701636229194	3.534838806835066	3.617463484322696	3.7005507402162365	3.784077719909026	3.868023462813282	3.952368733792896	4.037095865592043	4.122188612021564	4.20763201168698	4.29341226202766	4.379516603395364	4.4659332128525735	4.5526511073319424	4.639660055769068	4.7269504997937855	4.814513482532749	4.902340585037275	4.990423869809712	5.078755830864647	5.1673293497329125	5.256137656800541	5.345174297376175	5.434433101903631	5.523908159784079	5.613593796343343	5.70348455256674	5.793575167313501	5.883860561797249	5.974335826161276	6.064996207978152	6.155837102465183	6.246854044136073	6.338042699514902	6.429398860505429	6.520918438257488	6.61259745788693	6.7044320540486595	6.796418464964023	6.888553023159571	6.980832156828852	7.073252429609886	7.165810572063014	7.258503296062763	7.351326922798843	7.444278037380037	7.537356365788189	7.630564296844525	7.723889690753199	7.817288900913577	7.910767862725302	8.00457344655471	8.098928314465264	8.192606203491184	8.282970422638945	8.37446962172683	8.487358720465854	8.615916119794573	8.653318484045592
8.686758721522153	8.649638804687102	8.521586913173815	8.408913103575237	8.317637721074844	8.227568379464756	8.134192285036647	8.040126754897148	7.946611179918716	7.8534292523424885	7.760332365547852	7.667313080015016	7.57441530138734	7.4816516769424695	7.3890199850767635	7.29652052981196	7.204156777847393	7.1119324737806435	7.0198509562853655	6.927915530608229	6.836129664054882	6.744496959232577	6.653021115187332	6.561705926693355	6.470555294781617	6.379573234409961	6.28876388092069	6.198131497585704	6.107680483986607	6.017415384581955	5.927340897455292	5.837461883683873	5.747783377909923	5.658310600700799	5.569048973218545	5.480004134606624	5.391181962382915	5.302588596048042	5.21423046410037	5.126114314692168	5.038247250244887	4.9506367664367135	4.863290796055397	4.77621775825563	4.689426613766596	4.602926926565893	4.516728932481138	4.430843615112104	4.345282789394883	4.260059193064409	4.17518658621982	4.090679859161518	4.006555148646401	3.9228299626909915	3.8395233140350746	3.7566558623657698	3.6742500654092436	3.5923303390419057	3.510923226659996	3.4300575781644898	3.3497647390516825	3.270078750243349	3.1910365594428387	3.11267824493275	3.035047252739937	2.958190647838694	2.8821593794264118	2.8070085592925245	2.73279775104808	2.659591266647001	2.587458465221336	2.516474047574081	2.4467183374731243	2.378277538164628	2.3112439497336528	2.2457161309050564	2.1817989883405327	2.1196037776104992	2.0592480022479576	2.000855199808406	1.9445546063133736	1.8904806929477527	1.838772570223456	1.7895732503156005	1.7430287415529393	1.699286919431978	1.658496083788682	1.6208030757000822	1.5863507809718167	1.5552747967290266	1.5276990516860696	1.5037303426463902	1.483452079636289	1.4669179367726162	1.4541467112837347	1.4451208819566306	1.4397904440621871	1.438010068739895	1.4377031102089513	1.4376559419717574	1.4376519171971107	1.4376559410338234	1.43770310325862	1.4380100323533933	1.4397902895414483	1.445119563822753	1.454142434598214	1.4669086950797505	1.4834356594770466	1.5037044350805153	1.5276614183983956	1.555223449640677	1.5862841388204518	1.6207200738108076	1.6583962283037232	1.699170288929168	1.7428959453968849	1.7894253552359023	1.8386110064072232	1.8903071498414954	1.9443709270299487	2.0006632816440066	2.0590497092317652	2.119400869179481	2.181593066266746	2.2455086047456634	2.3110360195521027	2.3780701921808367	2.4465123616111355	2.5162700435263714	2.587256873623607	2.6593923922748335	2.7326017875871793	2.8068156120810426	2.8819694854248703	2.9580037927548872	3.034863385612455	3.112497290566438	3.1908584289923834	3.269903350085562	3.3495919779727394	3.429887372859363	3.5107555055898576	3.592165044783137	3.674087155711188	3.7564953101828387	3.839365106802133	3.9226741010781705	4.006401644979916	4.090528735649793	4.175037873090422	4.259912926698142	4.345139010532788	4.4307023672008965	4.516590260206966	4.602790874603204	4.689293225741017	4.7760870758924	4.86316285846545	4.950511609488097	5.03812490598244	5.125994810802636	5.21411382346527	5.30247483646693	5.391071096565183	5.47989617050251	5.568943914681462	5.658208448352192	5.747684129942857	5.837365536235156	5.92724744414385	6.017324814884289	6.107592780300283	6.198046631083049	6.288681806550757	6.379493885590301	6.470478578373591	6.56163171876259	6.652949257859258	6.744427258756211	6.8360618900919485	6.927849416829462	7.019786202563895	7.111868750581445	7.204093733793098	7.296457803529486	7.388957221253794	7.481588543887078	7.57435150848042	7.667248405293594	7.76026670519447	7.853362630602537	7.946543562338369	8.040057839416747	8.134122392474458	8.22750059998923	8.317574719757195	8.408840854619323	8.52147694963354	8.649553787325873	8.686758721522153
8.720940944512847	8.68402431942993	8.556461352392267	8.444042627760206	8.353002328441447	8.26322653397204	8.170153879522962	8.07638208401536	7.983161043269867	7.8902803696676225	7.797489989176597	7.704780969786485	7.612197337303751	7.519752137464661	7.427443251797788	7.335270970898281	7.243238784963666	7.151350492857929	7.059609487454397	6.968019125046311	6.876582927755261	6.785304559525919	6.6941877866895165	6.603236476501962	6.512454607410256	6.4218462767025235	6.331415707219514	6.241167255618671	6.151105422016481	6.061234860307115	5.971560389040127	5.882087003183591	5.792819887265648	5.7037644304324955	5.614926243939416	5.52631118151458	5.437925362934926	5.34977520107166	5.261867432626477	5.174209152792831	5.086807854125573	4.999671469964141	4.912808422805712	4.8262276780487925	4.739938803517756	4.653952035138639	4.568278349075526	4.482929540566627	4.397918309629575	4.313258353743934	4.228964467571493	4.1450526497458595	4.061540216753652	3.978445923936651	3.895790093661987	3.8135947507333823	3.731883765157175	3.6506830024448593	3.570020481736722	3.4899265421588597	3.4104340179503514	3.3315784229854497	3.2533981453421603	3.175934652511242	3.0992327076549087	3.023340596928906	2.9483103671751323	2.874198072224543	2.8010640246845258	2.728973048588215	2.6579947268237905	2.5882036358829583	2.5196795590562324	2.452507667630647	2.386778658018971	2.322588831555594	2.2600401036342657	2.1992399303648695	2.1403011436657633	2.083341688622287	2.0284842588806633	1.9758558261088979	1.9255870570468443	1.8778116031591816	1.832665229278765	1.7902847200326606	1.7508064751129466	1.714364681394216	1.6810889220226957	1.6511010514497924	1.6245111868252056	1.601412823340655	1.5818773772458827	1.5659488269045254	1.553639684436606	1.5449305881588373	1.5397741489372028	1.5380450320375276	1.5377470671863658	1.5377013283283394	1.537697427483256	1.5377013274311833	1.5377470611317274	1.5380450082278605	1.5397740452034359	1.5449293979533563	1.553635738457417	1.5659402262406557	1.5818620193153679	1.6013884997518437	1.6244757239511531	1.6510524687409935	1.6810255783341235	1.7142853862869278	1.7507105539910532	1.79017203260956	1.8325361474668131	1.87766695732069	1.9254280600598475	1.975683984135287	2.028301276773592	2.083149376843826	2.1401013324331086	2.199034395452995	2.259830506831902	2.3223766772812615	2.386565266169701	2.4522941614564973	2.5194668658136634	2.5879924973144024	2.6577857162310723	2.728766591448085	2.8008604203226786	2.87399751484463	2.948112965315825	3.0231463910217298	3.0990416857010383	3.17574676400849	3.253213313558671	3.3313965555925376	3.4102550159688834	3.4897503071765894	3.5698469214146584	3.65051203442063	3.731715319536774	3.8134287714131725	3.8956265387314484	3.9782847653875035	4.061381439680371	4.144896251183225	4.228810455086156	4.313106743879782	4.397769126295792	4.482782813446446	4.5681341121183	4.65381032517702	4.739799659027391	4.826091138044665	4.912674525852982	4.999540253277923	5.086679352746689	5.174083398853614	5.261744454754005	5.349655024001008	5.437808007405781	5.5261966644875935	5.6148145790912825	5.703655628783478	5.792713957687754	5.881983952468702	5.971460221208944	6.061137574928124	6.151011011467961	6.241075701424793	6.331326975764279	6.421760314715678	6.512371337598642	6.603155793585198	6.694109553955599	6.785228605944289	6.876509045753121	6.967947069282915	7.059538975248177	7.151281207252813	7.243170381722851	7.335203090654963	7.427375537138224	7.519684251834476	7.612128983851532	7.704711920654992	7.797420136762279	7.890209734676185	7.983089578325109	8.076309462499681	8.170080431931769	8.263155453044433	8.352936284172731	8.44396697309777	8.556346817337841	8.683936272756727	8.720940944512847
8.75585619827382	8.719145464832074	8.59207784591667	8.479917302214451	8.38911429667709	8.29963502111657	8.206869106073894	8.11339412312492	8.020470511046902	7.927893954004255	7.835412925018676	7.743016960717071	7.650750193877773	7.558626074891865	7.466642593152263	7.374800026123306	7.283101887401905	7.1915520309674195	7.100153904992256	7.0089109178276425	6.91782664767737	6.826904821845715	6.736149277146251	6.645563958034169	6.5551529268948086	6.464920371878503	6.3748706139908204	6.285008116148062	6.195337494141179	6.10586352878538	6.016591179047522	5.927525596368071	5.83867214057048	5.75003639782483	5.661624201149501	5.573441653892261	5.485495156552047	5.3977914372227636	5.310337585888601	5.223141092786479	5.136209891067615	5.04955240402048	4.963177597142415	4.8770950353524265	4.791314945616774	4.705848285214194	4.620706815807954	4.535903183427896	4.451451004407179	4.367364957271635	4.283660880549475	4.200355876458509	4.117468420439527	4.035018476537183	3.9530276186783193	3.8715191579553725	3.7905182760858933	3.7100521652910174	3.6301501749203684	3.5508439652430033	3.472167668898774	3.3941580605212884	3.316854734960193	3.2403002943172847	3.164540543648894	3.0896246946496966	3.0156055758760925	2.9425398470488138	2.870488213706653	2.7995156370749754	2.729691532652115	2.661089949881052	2.593789724422764	2.5278745939060085	2.4634332675158452	2.400559439518022	2.3393517371724766	2.279913594829804	2.222353048199347	2.1667824449526916	2.1133180687347886	2.0620796722908326	2.0131899107246802	1.9667736555942443	1.9229571520800548	1.8818669571445306	1.8436285755421729	1.808364697756991	1.7761929296840961	1.7472228851452056	1.7215525342032525	1.6992638377173093	1.680417965441872	1.6650507520449598	1.6531696270554792	1.6447542866715712	1.6397615606107172	1.638080729102229	1.637790910118526	1.6377464899677485	1.637742704821962	1.637746489268769	1.6377909069922685	1.6380807332198402	1.6397615234176797	1.6447531921590768	1.6531659740743585	1.665042745946795	1.6804036063985666	1.6992410148006123	1.7215191453577539	1.7471769749688904	1.7761328234672138	1.8082891106624406	1.8435366843386292	1.8817584313442062	1.9228321478613828	1.9666327791549292	2.0130341587911835	2.0619103574178674	2.113136736388833	2.16659078855644	2.222152827481377	2.279706561953903	2.3391395741206438	2.4003437090231707	2.4632153785272957	2.527655781241531	2.5935710410824546	2.660872269645564	2.7294755601836	2.7993019228009497	2.870277171194524	2.9423317711943433	3.0154006608469746	3.0894230510123264	3.16434221440822	3.2401052697325445	3.3166629660221254	3.3939694709584223	3.4719821655770895	3.5506614468624953	3.6299705389918437	3.7098753134735682	3.7903441180502426	3.8713476139891556	3.9528586212608183	4.034851971092238	4.117304365442637	4.20019424304191	4.283501651724955	4.367208126875477	4.451296575861035	4.535751168398992	4.620557232838587	4.705701158373066	4.791170303204923	4.8769529086779615	4.963038019365517	5.049415409067988	5.136075512626637	5.223009363406653	5.310208536244691	5.39766509560137	5.4853715486153	5.573320802729429	5.661506127556381	5.749921120664826	5.838559676995845	5.927415961643428	6.016484385742216	6.105759585189377	6.195236401890454	6.284909867178718	6.374775187029104	6.4648277286830425	6.555063008398284	6.645476680425987	6.7360645278715845	6.826822455552823	6.917746482372374	7.008832731861378	7.100077435891758	7.191476977430877	7.283027915962688	7.3747267837351504	7.466569725234113	7.558553245290295	7.6506771046310424	7.742943382500545	7.835338749600408	7.927819199880409	8.020395117199692	8.113317736382495	8.20679206444159	8.299560615528067	8.389045191414027	8.479838223421943	8.591958745445192	8.71905442585477	8.75585619827382
8.791495499920627	8.754993066098347	8.628426797193846	8.516527355830288	8.425963685832452	8.336783681080409	8.244327586342754	8.151152286373827	8.058528788368735	7.966258997505849	7.874089951353298	7.782009617256738	7.690062221408872	7.598261625334886	7.506605932063524	7.415095407600405	7.323733590464235	7.232524392497513	7.1414713203905595	7.050577837793628	6.959847582512033	6.8692843494660725	6.778892051360657	6.68867471678574	6.598636500862356	6.5087816935263225	6.419114727172127	6.329640186599723	6.2403628213556	6.1512875597562555	6.0624195243183685	5.973764048712146	5.88532669652507	5.7971132822131715	5.709129894663712	5.6213829237819155	5.53387909045567	5.446625480177519	5.3596295805411875	5.272899322793631	5.186443127612139	5.100269955279081	5.01438936043023	4.928811551544603	4.843547455318393	4.75860878602406	4.674008119905267	4.589758974608523	4.505875893612199	4.422374535588593	4.339271768628207	4.256585769268369	4.174336126301309	4.092543949388929	4.011231982577922	3.9304247228807916	3.850148544156108	3.7704318265782426	3.6913050920313073	3.6128011457905225	3.5349552248518106	3.457805153204316	3.381391504167427	3.305757769596691	3.2309505352857406	3.157019661257927	3.084018464859725	3.01200390363959	2.9410367539296316	2.8711817798985315	2.8025078867443756	2.735088250830266	2.669000419085405	2.604326369928115	2.5411525282199743	2.479569727238944	2.419673111400915	2.3615619745632306	2.3053395300637853	2.251112609530125	2.1989912869546737	2.1490884217622463	2.1015191088440783	2.056400013238834	2.0138485506990755	1.9739818553479265	1.9369154604068428	1.9027616121677435	1.8716271313957473	1.8436107241332733	1.8187996617139899	1.7972658684913072	1.779061708835803	1.7642161506179967	1.7527326217472798	1.7445908287169651	1.7397525003489949	1.7381171426022224	1.7378346944423047	1.7377914650044168	1.7377877846859686	1.737791464810829	1.7378346958888224	1.7381171738690615	1.7397525301506904	1.7445898314392425	1.7527292307413398	1.7642086893228675	1.7790482813812578	1.797244458481261	1.8187682413851918	1.8435673755004758	1.8715701673816234	1.90268968072434	1.936827619111957	1.9738776115486547	2.0137278682995694	2.0562632906553535	2.1013671341821976	2.1489223116516887	2.1988124151848716	2.2509225310503496	2.3051399053005737	2.361354498393088	2.4194594503795965	2.4793514677323887	2.540931136922957	2.6041031670223944	2.668776563165236	2.7348647338858934	2.8022855370486064	2.8709612705886514	2.940818615324638	3.0117885377404594	3.083806160911988	3.1568106116153145	3.230744851058767	3.305555495705286	3.3811926334777502	3.457609639463493	3.5347629941799354	3.612612106565858	3.6911191431075245	3.7702488638802643	3.8499684657890723	3.9302474329389376	4.011057393855177	4.092371985180616	4.174166721461076	4.256418870658259	4.339107335078974	4.422212537472982	4.505716312123488	4.5896018008270945	4.673853353724889	4.7584564349960345	4.84339753345671	4.9286640781215745	5.014244358783208	5.100127451648251	5.186303150037548	5.2727619001136805	5.359494741547326	5.446493252981405	5.533749502106547	5.621256000129833	5.709005660403687	5.796991760981006	5.885207910868039	5.97364801974682	6.062306270922963	6.151177097218403	6.240255159482884	6.329535327363577	6.419012661964862	6.508682400057275	6.598539939628247	6.6885808269818385	6.7788007461298765	6.869195510576652	6.959761054921886	7.050493425023445	7.1413887820368345	7.23244344545645	7.323653915487538	7.415016662362107	7.506527769979703	7.598183716164746	7.689984271370986	7.781931400029913	7.874011361168218	7.966180051869036	8.058449411852662	8.151072097372285	8.244246928528709	8.336705939732608	8.425891509651057	8.516444839497295	8.628303139653504	8.754899071663369	8.791495499920627
8.82784985284577	8.791557940229879	8.665498612785289	8.553863025356863	8.463540569826126	8.374662375938351	8.282518972418066	8.189646027911996	8.097325131634888	8.005364556796918	7.913509926165166	7.8217476010161135	7.730121887144715	7.6386470639957444	7.547321355021016	7.456145017780355	7.365121618835775	7.274255132554819	7.183549129553727	7.093007134379216	7.002632850381893	6.9124301467808325	6.822403019975235	6.732555591982956	6.642892121801662	6.553417014442067	6.464134829335577	6.375050291290798	6.286168304258466	6.19749396723008	6.109032591949506	6.02078972246709	5.932771156718006	5.844982970399615	5.75743154348929	5.670123589759371	5.583066189608357	5.4962668264622305	5.409733426933256	5.323474404872013	5.237498709416067	5.15181587712105	5.066436088248081	4.981370227266432	4.896629947607279	4.812227740673071	4.728177009072668	4.644492144022462	4.561188606835563	4.478283014419578	4.395793228720314	4.31373845008268	4.232139314548951	4.151017995175379	4.070398307515797	3.990305819486584	3.910767965879496	3.831814167815906	3.7534759574302488	3.675787108027875	3.598783769875987	3.5225046116374075	3.4469909672139294	3.3722869873943018	3.2984397951824134	3.225499643023766	3.153520069387929	3.082558051343654	3.0126741489165334	2.9439326361841482	2.876401613310784	2.8101530931760905	2.74526305605193	2.6818114660106964	2.6198822433634703	2.559563188284841	2.5009458517286696	2.4441253506270755	2.389200124911	2.3362716335346043	2.2854439847417645	2.236823491858981	2.1905181396952997	2.1466369373399172	2.105289119763886	2.0665831453011	2.0306254256671155	1.9975187233130713	1.9673601486007561	1.9402386793416329	1.9162321387383825	1.8954036767987386	1.8777980619194272	1.8634385231613328	1.852325528978168	1.8444395271522722	1.8397466009586778	1.8381540955967484	1.837878476220738	1.8378363302456484	1.8378327443386278	1.8378363306702294	1.8378784818010852	1.8381541447144114	1.839746687184127	1.8444386390014087	1.8523223826829578	1.8634315609903152	1.8777854982928517	1.8953835905188954	1.9162025777089147	1.940197771091128	1.9673062099784462	1.997450357819941	2.0305415978891426	2.066483226857965	2.105172906056973	2.146504637673225	2.1903703452340215	2.2366611267441354	2.285268245758334	2.336083923374618	2.389001983593728	2.4439183891356873	2.5007316913184545	2.5593434081258084	2.6196583382116527	2.6815848145663512	2.745034899709879	2.809924524137298	2.876173570578635	2.9437059078125767	3.012449378948408	3.082335750085	3.1533006259166583	3.225283339063269	3.298226819645474	3.3720774510182108	3.4467849167841558	3.522302043365197	3.5985846415798926	3.6755913498786734	3.753283481143124	3.8316248742924515	3.9105817513949943	3.9901225805745266	4.070217944722895	4.150840415855964	4.231964434849993	4.313566196249587	4.395623537835222	4.478115834669743	4.56102389739892	4.644329874648634	4.728017159428575	4.812070299512107	4.89647491181034	4.981217600793902	5.066285881036741	5.151668103960947	5.237353388849002	5.323331558162316	5.409593077166617	5.496128997822588	5.582930906860995	5.669990877930606	5.757301427686401	5.8448554756720865	5.932646307837565	6.020667543509666	6.108913105596165	6.197377193751109	6.286054260179093	6.374938987731935	6.464026269965804	6.5533111928821794	6.642789018236391	6.732455168724654	6.8223052158601325	6.912334870598294	7.002539974014606	7.09291648685168	7.1834604935727215	7.274168245268569	7.365036178446431	7.456060697037554	7.547237820511713	7.638563996866589	7.730039002948339	7.821664680673452	7.913426869191325	8.005281380717305	8.097241745800192	8.189562020612128	8.282434691636665	8.374581298183342	8.463465319309773	8.553777061523503	8.665370407080477	8.7914610259145	8.82784985284577
8.864910262226083	8.828830912492185	8.70328372133942	8.5919145758726	8.501835058309695	8.413261013206386	8.321432972100702	8.228864868819485	8.136848877091484	8.045199783224376	7.953661819158145	7.862219704655623	7.770917811204729	7.679770843320667	7.588777152670211	7.497936992669665	7.407253962577255	7.316732105803898	7.226375064463967	7.136186431973	7.046169985653262	6.956329678212209	6.866669600015798	6.7771939781985715	6.687907189086842	6.598813768290123	6.509918420095775	6.42122602955729	6.332741677711844	6.244470659308126	6.156418502699127	6.068590991857974	5.980994190598819	5.893634469169296	5.806518533458042	5.7196534570966175	5.633046716718099	5.5467062305821475	5.460640400711995	5.374858158629924	5.289369014732877	5.204183111319542	5.119311279260072	5.034765098283892	4.950556960845419	4.8667001395110905	4.783208857796484	4.700098364374225	4.617385010577056	4.5350863311391265	4.453221128152586	4.371809558263423	4.290873223185217	4.210435263666993	4.130520457105304	4.051155319033375	3.9723682087409995	3.8941894392662277	3.8166513919435827	3.739788635587623	3.6636380502322248	3.5882389551284635	3.5136332404121338	3.439865501463067	3.3669831744751497	3.295036671143718	3.2240795096929333	3.154168438769888	3.085363550084874	3.017728375124595	2.9513299608463943	2.8862389190338513	2.822529444036429	2.7602792939908785	2.69956973131398	2.6404854191437996	2.5831142712886317	2.5275472538536485	2.47387813667166	2.422203191430864	2.3726208304745686	2.325231175553459	2.2801355395913565	2.237435796611264	2.1972336047799925	2.159629436497001	2.124721362488243	2.092603536375385	2.063364324352347	2.037084015621454	2.0138320635528326	1.993663921209705	1.97661781732297	1.9627122705896627	1.9519456733340856	1.944299514707523	1.9397435009672743	1.938191461932091	1.9379222565532865	1.937881116524485	1.9378776174016403	1.9378811174503712	1.9379222651535586	1.9381915244032832	1.9397436345577674	1.9442987334335347	1.9519427600555974	1.9627057700775468	1.9766060537699799	1.9936450707248292	2.013804251823408	2.037045421581862	2.0633132810853434	2.0925386214361046	2.1246414701377723	2.159533826773334	2.1971219275417275	2.2373080914938073	2.2799922149028387	2.325072970391386	2.372448764765481	2.4220185084383563	2.4736822421202405	2.5273416553524846	2.5829005212055276	2.640265063427908	2.699344266003711	2.7600501303412863	2.822297882452831	2.8860061313885197	2.951096980331057	3.017496092559537	3.08513271553613	3.153939667368789	3.2238532906520074	3.294813379074193	3.366763082208086	3.4396487936544906	3.513420027285445	3.5880292857930036	3.663431925126879	3.7395860177303835	3.816452216807462	3.8939936232292123	3.972175656156723	4.0509659280328965	4.130334124270873	4.210251887724115	4.2906927078498045	4.37163181436498	4.453046075138259	4.534913898049837	4.617215136576407	4.699930998902318	4.783043960412954	4.866537679483771	4.950396916533709	5.034607456360327	5.119156033811653	5.204030262872724	5.289218569251476	5.3747101265402994	5.46049479600982	5.546563070065491	5.632906019370581	5.719515243614624	5.80638282588503	5.893501290577855	5.980863564755894	6.068462942821836	6.1562930543191055	6.244347834610906	6.3326214981388995	6.421108513952175	6.509803583233501	6.5987016186274925	6.687797725352068	6.777087184500102	6.8665654393881885	6.956228084941204	7.046070857272537	7.136089622356558	7.22628037976529	7.316639305022791	7.407162764311952	7.497847088876793	7.588688228022685	7.679682595474629	7.770829969750597	7.862132061502081	7.95357428148534	8.045112369307004	8.136761480233293	8.228777045849824	8.321345074587017	8.413176606668337	8.50175673465645	8.591825156379551	8.703150975336447	8.828731111638737	8.864910262226083
8.902667751604346	8.866802834001264	8.741772593864109	8.630672322745488	8.540837320197623	8.452569571255	8.361059376261185	8.268798426313126	8.177089471833003	8.085753955643666	7.9945347463265755	7.903414888263828	7.812438804825102	7.72162163320744	7.630961862096913	7.540459746300394	7.45011892385357	7.359943515461903	7.269937244355507	7.180103783069128	7.090446993734825	7.000970924190801	6.911679771453102	6.822577881764474	6.733669764382663	6.644960103014896	6.556453766409474	6.468155821682397	6.380071550986726	6.292206470971172	6.204566354674369	6.117157255757607	6.029985535068884	5.94305788959809	5.85638138396167	5.76996348460585	5.683812096919443	5.597935605410485	5.5123429170450144	5.427043507788372	5.34204747234054	5.257365577021988	5.173009315744656	5.088990968990973	5.00532366571881	4.9220214481101205	4.839099339085957	4.756573412522565	4.674460866124622	4.592780096943909	4.511550779573987	4.4307939471001925	4.350532074933823	4.270789167702573	4.1915908493993514	4.112964457001456	4.034939137753758	3.957545950254315	3.880817969379643	3.8047903949336264	3.7295006636968053	3.654988564291864	3.581296353964592	3.5084688759998226	3.4365536760399937	3.365601115052609	3.2956644761292857	3.226800061748015	3.159067277659021	3.0925286992203795	3.0272501158472607	2.9633005492680695	2.9007522415187483	2.8396806090595557	2.780164160030541	2.7222843723663797	2.666125531086869	2.611774523304283	2.5593205889662296	2.508855023601339	2.4604708259826777	2.4142622787689825	2.3703244443903726	2.3287525520045658	2.289641243916225	2.253083642053589	2.2191701899720777	2.1879872248449166	2.159615231301829	2.134126722917296	2.1115837203597865	2.0920349233797033	2.0755129660889944	2.0620325551714647	2.0515906515541595	2.044169845914988	2.03974287559936	2.038229141647742	2.0379660027490156	2.03792580893622	2.0379223911723936	2.037925810203268	2.0379660135130955	2.0382292141849883	2.0397430483228356	2.0441691645940527	2.0515879589671955	2.062026485189161	2.075501945160426	2.092017224521652	2.1115575494513332	2.1340903153245043	2.1595669458267457	2.1879256278285077	2.219094124403159	2.2529922777597835	2.2895341065811547	2.3286295308216447	2.3701857801872857	2.414108535914229	2.4603028520655292	2.5086739008995047	2.559127581401015	2.6115710221565287	2.6659130022739266	2.722064307555119	2.779938033288068	2.839449840153889	2.9005181664210986	2.9630643979198674	3.027012996869476	3.092291590972669	3.158831024894206	3.2265653770299267	3.295431945158946	3.3653712050528557	3.436326746368059	3.508245190190858	3.581076092465493	3.6547718372324054	3.729287523164527	3.8045808463600355	3.8806119817908584	3.9573434652711716	4.034740077331363	4.112768729970615	4.191398356913481	4.270599807709923	4.350345745794104	4.430610550454969	4.511370222567495	4.592602293878863	4.674285739627511	4.756400894284591	4.838929370238367	4.921853979286215	5.005158656849568	5.0888283888783175	5.172849141456465	5.257207793155983	5.341892070208237	5.426890484572507	5.5121922749808805	5.597787351031528	5.6836662403907745	5.769820039150307	5.85624036536798	5.942919315795656	6.029849425760385	6.117023632113017	6.204435239093376	6.292077886896161	6.379945522679653	6.4680323737648	6.556332922828007	6.644841884983959	6.733554186836614	6.822464947988098	6.911569465885236	7.000863203895066	7.090341779614562	7.180000952408481	7.269836626511198	7.359844892445023	7.45002203721098	7.540364310888023	7.630867585041092	7.721528233129033	7.812346029318655	7.903322543260509	7.994442748487988	8.085662324420534	8.176998083696892	8.268706805688042	8.36096787831598	8.452481849310415	8.540755927193915	8.63057943961035	8.741635312977357	8.866700176926626	8.902667751604346
8.94111338049487	8.90546460035543	8.780955765154298	8.670126654874935	8.58053760859767	8.492578126262204	8.401388087895374	8.309436444801616	8.218036506769039	8.127016515233116	8.036118006543036	7.945322317644094	7.85467391029209	7.764188362561486	7.673864310001034	7.583702015516364	7.493705163301188	7.403877961159495	7.314224224893908	7.22474771847499	7.135452401888213	7.046342431995621	6.957422127346294	6.868695969341261	6.780168617616429	6.691844923050369	6.603729939722103	6.5158289395466635	6.4281474303538	6.34069117692316	6.253466224625299	6.166478925531787	6.0797359669123985	5.993244402081255	5.907011683627017	5.821045699122437	5.735354809427744	5.649947889683047	5.564834373042734	5.480024297154976	5.39552835334439	5.311357938422958	5.227525209035876	5.1440431384440535	5.060925575651129	4.97818730679712	4.895844118761869	4.813912864948225	4.732411533247458	4.651359316226905	4.570776683620772	4.490685457245505	4.4111088884956065	4.332071738597107	4.2536003617970355	4.175722791642072	4.09846883044249	4.021870141923439	3.9459603469293483	3.8707751218643605	3.7963522993210526	3.7227319700740775	3.6499565852999383	3.578071057533149	3.507122858484543	3.437162111434366	3.368241675488903	3.3004172185935134	3.233747275882536	3.168293289773277	3.104119628214025	3.0412935776836254	2.9798853078953464	2.9199678056371474	2.861616775706128	2.8049105073476444	2.749929704830835	2.6967572805762323	2.6454781083115	2.596178731706485	2.548947020575999	2.5038717622296662	2.4610421705644314	2.420547290497684	2.382475269965474	2.3469124658334786	2.313942345350787	2.2836441424817977	2.256091225969557	2.2313491365015934	2.20947328794382	2.1905064685099966	2.174476554784811	2.16139518105491	2.1512583219479113	2.1440496403402807	2.1397444538048105	2.1382670620098243	2.138009688611105	2.137970391269985	2.1379670504830517	2.1379703927547893	2.1380097008489654	2.138267141894978	2.1397446584468227	2.1440490511220953	2.1512558373649795	2.161389513851289	2.1744662247862507	2.1904898423517865	2.209448652925704	2.2313147885725915	2.2560455570975755	2.2835857194042135	2.3138699754478513	2.3468252471863664	2.3823726235042897	2.42042897349274	2.4609082724204745	2.503722685008041	2.5487834474896256	2.5960015870193285	2.6452885118761578	2.696556499888238	2.7497191070766727	2.8046915135058863	2.8613908183353334	2.919736291558835	2.9796495865687835	3.041054915688082	3.103879189920728	3.168052124015608	3.2335063082212536	3.3001772486166527	3.3680033784719132	3.4369260436061326	3.5068894650973688	3.5778406829241405	3.649729484163324	3.722508319240183	3.7961322094512493	3.8705586486081653	3.945747501232427	4.021660899306991	4.098263139183456	4.175520579863891	4.253401543532138	4.331876218909106	4.410916567757813	4.490496234669988	4.570590460124578	4.651175996712932	4.7322310283688145	4.813735092416908	4.8956690042554865	4.978014784511405	5.060755588541909	5.143875638200695	5.2273601558292775	5.311195300473922	5.395368106360853	5.479866423686811	5.564678861798885	5.649794734847799	5.735204010003053	5.820897258316023	5.906865608305568	5.99310070231628	6.079594655658602	6.166340018482845	6.253329740272148	6.340557136778817	6.428015859198813	6.515699865402212	6.603603393109467	6.69172093500362	6.780047215945484	6.868577172846827	6.957305938081146	7.046228826206243	7.135341320849169	7.224639060875951	7.314117842584766	7.403773659870555	7.493602709554382	7.5836011500930285	7.673764766023389	7.764089883126785	7.854576263997967	7.945225326616305	8.036021598114354	8.126920710169623	8.217941164032016	8.309341055960012	8.401293012552607	8.492487105378224	8.580453150610193	8.670030298800556	8.780813951174514	8.905359113754884	8.94111338049487
8.980238262933756	8.944807171209398	8.820823856188932	8.710268058956236	8.620926286809697	8.533276880293636	8.442409152385808	8.35076882822257	8.25967975092354	8.16897710164511	8.078401119417926	7.987931403713569	7.897612441711595	7.807460261280548	7.717473655752516	7.627652903956513	7.538001744775458	7.448524484242232	7.3592250437446465	7.2701072927534	7.181175304018363	7.092433359217941	7.0038859151474275	6.915537606072038	6.827393260837471	6.739457917600679	6.651736837258114	6.564235519406205	6.476959721735513	6.3899154824326025	6.303109145248141	6.216547387069252	6.13023724785627	6.044186162822762	5.958401996800974	5.872893080800171	5.787668250799292	5.70273688881434	5.618108966255725	5.533795089554365	5.449806547999832	5.366155363707772	5.282854343621817	5.199917133457746	5.117358273512815	5.035193256287821	4.953438585900528	4.872111839303712	4.791231729357014	4.710818169836834	4.630892342500007	4.5514767663416995	4.472595369201124	4.394273561864322	4.316538314785426	4.239418237491213	4.1629436606447365	4.087146720620278	4.012061446282493	3.937723847466472	3.8641720044229393	3.791446157227424	3.7195887938613255	3.648644735366252	3.5786612161608398	3.5096879573012423	3.4417772301763288	3.3749839078800843	3.3093655013326644	3.2449821771687435	3.1818967545081875	3.120174677976404	3.059883964723037	3.0010951236314063	2.9438810453091784	2.8883168616631334	2.8344797737371104	2.7824488458820826	2.732304763057803	2.684129545929165	2.638006215299012	2.5940183935514676	2.552249826793445	2.512783807648345	2.475702474591868	2.4410859586266946	2.409011343016073	2.3795513987776453	2.352773058499337	2.3287356008563633	2.3074885694782337	2.2890695928019933	2.2735025133924873	2.2607964815587582	2.250946791937461	2.2439381215569116	2.239748026609392	2.2383051871273736	2.2380533135442215	2.2380148696275	2.2380116020462437	2.238014871248756	2.2380533267848555	2.238305272473122	2.2397482578573245	2.2439376172516816	2.250944502748401	2.2607911911942034	2.2734928269525945	2.289053965871915	2.3074653702385053	2.3287031885505987	2.3527298639517604	2.3794959982720125	2.408942521126426	2.4410027574860993	2.475604227851263	2.512670158268414	2.552120729084201	2.593874101127456	2.63784725745245	2.6839566952447673	2.7321189970389175	2.782251305109807	2.8342717187653386	2.888099630521545	2.9436560131636993	3.0008636658411936	3.059647424232861	3.1199343376933917	3.1816538150366607	3.244737740022215	3.30912055751225	3.3747393315057512	3.441533776683796	3.5094462655776106	3.5784218138937707	3.6484080468324023	3.71935514938381	3.791215803586811	3.863945115602115	3.9375005352318815	4.011841770236162	4.0869306974833846	4.162731272642613	4.2392094397948155	4.316333042023652	4.394071733757873	4.472396895386693	4.551281550461372	4.630700285629683	4.710629173322874	4.791045697124052	4.8719286796896295	4.9532582130679055	5.035015591255645	5.117183244848575	5.199744677668854	5.282684405286161	5.365987895384976	5.449641509965823	5.533632449400878	5.617948698392998	5.702578973911165	5.78751267519283	5.872739835912186	5.958251078609005	6.044037571451601	6.1300909873676614	6.216403465520967	6.302967575050231	6.389776280936499	6.476822911852271	6.564101129886145	6.651604902120668	6.739328474141168	6.8272663457171	6.9154132492562805	7.003764131890686	7.092314140838764	7.181058608751052	7.269993038332181	7.3591131034249875	7.448414687694935	7.537893884857317	7.627546749524785	7.7173689684115905	7.807356810965417	7.897510019907205	7.987829849978632	8.078300372320758	8.168877183171256	8.259580502023255	8.350669707710304	8.442310525966445	8.533182577425313	8.620838766936483	8.71016821805807	8.820677506391768	8.944698877758713	8.980238262933756
9.020033586870394	8.984821590661472	8.86136759728039	8.751087144470311	8.661993855011499	8.574656190032044	8.48411278839064	8.392785672986127	8.302009186299337	8.211625589642932	8.121373863504711	8.031231842020839	7.941244025557506	7.851426901544349	7.761779433130747	7.672301923946984	7.582998177080969	7.493872608987247	7.404929260860484	7.316172123073018	7.227605397461611	7.139233507724165	7.0510610669277405	6.963092881010906	6.875333967645073	6.787789572739521	6.700465185361639	6.613366554970469	6.52649971197546	6.439870991244193	6.353487058228428	6.2673549375337485	6.181482043753517	6.095876214382448	6.010545744676187	5.925499424390331	5.840746576378285	5.756297097043902	5.672161498637971	5.588350953367436	5.504877339263469	5.421753287737871	5.338992232752444	5.256608461534633	5.1746171667933725	5.093034500418609	5.011877628682234	4.9311647889932955	4.850915348292653	4.771149863198338	4.691890142029954	4.613159308845464	4.534981869613416	4.457383780613891	4.380392519108121	4.304037156235673	4.22834843198737	4.1533588319611585	4.0791026654387395	4.0056161441250735	3.9329374606739704	3.8611068658850267	3.7901667432072212	3.720161678933285	3.651138526228968	3.583146460925874	3.5162370268283945	3.4504641681594004	3.38588424671436	3.3225560413304875	3.260540727422513	3.1999018345901145	3.140705180636245	3.0830187806829525	3.0269127303187693	2.9724590617141238	2.9197315712551917	2.8688056163628226	2.819757877702542	2.7726660808839423	2.727608668994556	2.6846644141664564	2.643911953326709	2.6054292304720295	2.5692928243764768	2.5355771356439467	2.5043534016633515	2.4756885057621885	2.449643551236382	2.4262721901352022	2.405618755860446	2.387716382080562	2.3725854904656147	2.360233210587663	2.3506543713108505	2.343834599986371	2.3397534285512536	2.338343502270228	2.3380968901774075	2.338059261575334	2.33805606388279	2.3380592632974295	2.338096904202492	2.3383435921176834	2.339753683205176	2.3438341745806577	2.350652265295213	2.360228272435394	2.3725764036527646	2.3877016860203946	2.4055968975541946	2.4262415932023615	2.4496026894443435	2.4756359722008052	2.5042879686803996	2.5354978029971442	2.569198854121213	2.6053201678361253	2.6437876337065593	2.684524957327057	2.727454462304273	2.772497753820126	2.8195762699508875	2.8686117417084285	2.919526579233959	2.9722441987338675	3.026689301708129	3.082788114893135	3.1404685966004373	3.1996606130284064	3.2602960866598147	3.322309117969796	3.385636081281055	3.450215695611411	3.5159890716229527	3.5828997361592125	3.6508936362335183	3.7199191246370917	3.789926929535952	3.860870110514984	3.932704003515665	4.005386157017741	4.078876261651637	4.1531360752131485	4.228129344800649	4.303821727525081	4.380180710971554	4.457175534333157	4.534777110901977	4.61295795239437	4.691692095409691	4.770955030175178	4.850723631615225	4.930976092700185	5.011691859975787	5.0928515711452205	5.1744369945672215	5.256430970540422	5.338817354262656	5.42158096038034	5.5047075090745174	5.588183573664183	5.6719965297417225	5.756134505887205	5.840586336034569	5.925341513579203	6.010390147318253	6.095722919298579	6.181331044612063	6.267206233128993	6.353340653109314	6.439726896597305	6.526357946510366	6.613227145389349	6.7003281658686795	6.787654983017816	6.875201848850913	6.962963269629603	7.050933986779866	7.139108960934187	7.227483355682279	7.316052520543316	7.4048119908372545	7.493757524770598	7.582885098431837	7.67219064891261	7.761669753073454	7.851318614335845	7.941136946289937	8.031125828004143	8.121268864541733	8.211521628684524	8.301906086022077	8.392682860118121	8.484010637200118	8.574558620260424	8.661903273508043	8.750983803283166	8.861216703827225	8.98471050880639	9.020033586870394
9.060490634274373	9.025499008301308	8.90257785173429	8.79257466907403	8.7037309772177	8.616706595636112	8.526489418724534	8.435477300772849	8.345015042441878	8.254952125249735	8.165026313779974	8.075213651226168	7.985558639768635	7.896078237112891	7.806771589388333	7.717639034878289	7.628684451190969	7.539912378163487	7.451326991832037	7.362932419727008	7.274733009955743	7.186733346247837	7.098938216638802	7.011352617976506	6.923981776443987	6.836831165784397	6.749906523643575	6.663213869951249	6.576759528437461	6.4905501509439585	6.404592744209504	6.318894698951814	6.233463821045895	6.148308364572391	6.06343706654823	5.978859183218003	5.894584527839728	5.810623509930349	5.726987175947055	5.6436872513767575	5.560736184196671	5.478147189661933	5.395934296377484	5.31411239362351	5.232697279925575	5.151705712889331	5.071155460350981	4.991065352923998	4.911455338045778	4.83234653564118	4.753761295520289	4.675723256612858	4.598257408109665	4.521390152529468	4.4451493706569165	4.3695644881998055	4.294666543892161	4.220488258623643	4.147064105008536	4.074430376623628	4.002625255948679	3.931688879841596	3.8616634011793263	3.792593045103918	3.7245241581422643	3.65750524833056	3.5915870143825583	3.5268223619047028	3.46326640468932	3.400976449213952	3.340011960639751	3.2804345088230535	3.2223076931015147	3.165697044829099	3.1106699067139805	3.0572952878320976	3.0056436926246337	2.9557869211660246	2.9077978364952215	2.861750092856255	2.817717816364364	2.775775227119176	2.735996189443018	2.698453674616594	2.6632191172009696	2.630361640970672	2.5999471255495084	2.5720370849071723	2.546687338776338	2.5239464842856334	2.503854235106318	2.4864398119608104	2.4717207298513473	2.459702463891891	2.450379531366984	2.4437384486501497	2.439760514435559	2.4383819932224657	2.4381404255327372	2.438103577798197	2.4381004470100485	2.43810357961704	2.438140440291467	2.438382087203789	2.4397607906511665	2.4437380970798155	2.4503775969975194	2.4596978548507686	2.4717122019746274	2.4864259832323095	2.503833628256307	2.5239175870633455	2.546648670656994	2.571987261608369	2.5998849160854847	2.6302860144811078	2.663129278180878	2.698349085934489	2.7358765831630905	2.7756406038036108	2.8175684341394893	2.8615864479531385	2.907620637168883	2.9555970568879943	3.0054422003047847	3.0570833166322817	3.1104486828188755	3.1654678373596314	3.222071782190832	3.280193156711341	3.3397663864691713	3.4007278080117866	3.4630157708175004	3.5265707170363436	3.591335239855195	3.6572541215378758	3.7242743524757884	3.7923451328539524	3.861417858754597	3.9314460946680807	4.002385534452392	4.07419395277847	4.146831149025255	4.220258885456158	4.294440821332087	4.369342444411533	4.444931001070914	4.521175426060432	4.598046272700855	4.67551564413099	4.753557126039168	4.832145721158925	4.911257785681908	4.990870967640579	5.070964147238388	5.151517379053468	5.23251183601056	5.3139297550020395	5.395754384039905	5.4779699308336784	5.560561512711812	5.643515107833712	5.726817507672938	5.810456270785972	5.89441967791062	5.97869668845849	6.063276898471721	6.148150500102456	6.233308242644853	6.318741395110656	6.404441710302735	6.490401390324758	6.5766130534885585	6.663069702650674	6.749764695102196	6.836691714217638	6.923844743192963	7.011218041502551	7.098806124846253	7.18660374796637	7.274605886821134	7.362807719899519	7.451204626886483	7.539792224146165	7.628566354463506	7.717522822669426	7.8066570828277415	7.895965261841212	7.9854470340913535	8.07510328969424	8.164917156970118	8.254844196753115	8.344908146676486	8.435370833590087	8.526383766119134	8.616605770192177	8.70363733027844	8.79246780786743	8.902422401352215	9.02538515221126	9.060490634274373
9.101600801808566	9.066830700741454	8.944445639754523	8.834721564046117	8.74612850807793	8.65941884918503	8.569529700565274	8.47883429039121	8.388687829777894	8.298947160359765	8.20934887723277	8.119867209278054	8.030546650044597	7.94140463921795	7.852440520173862	7.763654676565268	7.675051071426721	7.586634381387712	7.498408932744008	7.41037900676543	7.322549115260987	7.234924020134646	7.1475087030325275	7.060308370615367	6.973328476549547	6.886574741296016	6.80005316971647	6.713770070406454	6.627732077913855	6.541946177524834	6.456419732302556	6.37116051220702	6.286176725091811	6.201477049331988	6.117070667864362	6.0329673034851625	5.949177255311259	5.865711436354886	5.78258141218719	5.699799440676806	5.617378512792098	5.53533239445667	5.453675669452977	5.37242378338104	5.291593088698252	5.211200890889463	5.1312654958400215	5.051806258503622	4.972843632967795	4.894399224018615	4.81649584029052	4.739157549054677	4.662409732649586	4.586279146489623	4.510793978501037	4.435983909729839	4.361880175742445	4.288515628299087	4.215924796625076	4.144143947441077	4.073211142747007	4.003166294191522	3.9340512127069855	3.865909651955415	3.79878734402235	3.732732025722158	3.6677934538494332	3.6040234077339304	3.5414756775332954	3.480206036823994	3.420272198212481	3.361733750862166	3.3046520789811984	3.2490902603878085	3.1951129441854658	3.1427862062433984	3.092177380502893	3.043354863080421	2.9963878847408125	2.951346245625773	2.90830000421791	2.8673191105336278	2.8284729716075314	2.791829935176626	2.7574566741323134	2.725417449429775	2.6957732254965205	2.66858061552874	2.643890649020979	2.621747383710975	2.6021864394482135	2.5852336288426594	2.570903990065984	2.559201636522703	2.550120888640566	2.5436490956663604	2.539769151027813	2.5384206406311596	2.5381839170522325	2.5381478185017503	2.538144751875063	2.538147820419392	2.5381839325261817	2.5384207384989903	2.539769447309095	2.5436488133250306	2.550119115238929	2.5591973353156097	2.5708959836967185	2.5852206085778873	2.602167000099725	2.6217200760563637	2.6438540400301647	2.668533348247451	2.695714073147245	2.725345360740958	2.757370808497611	2.7917296870999158	2.828357984400342	2.8671892796844176	2.9081554713113844	2.9511873840855327	2.996215278919435	3.043169282302822	3.0919797496152683	3.1425775740915043	3.194894451296394	3.248863106987571	3.3044174943508384	3.361492964906925	3.420026415977758	3.4799564165290486	3.5412233125083654	3.6037693124462757	3.6675385540027	3.7324771522271014	3.7985332304802712	3.8656569351796377	3.9338004357382075	4.002917911240108	4.07296552551415	4.143901392321923	4.215685532368895	4.288279823782843	4.361647947594957	4.435755329617524	4.51056907994944	4.586057931166453	4.66219217607507	4.738943605734632	4.816285448287817	4.894192308990968	4.972640111705773	5.051606042004425	5.131068491951644	5.211007006558037	5.2914022318493785	5.372235864463999	5.453490602674454	5.5351500987279305	5.617198912410668	5.699622465762404	5.7824069988943165	5.865539526894253	5.949007797830905	6.032800251888448	6.1169059816701425	6.201314693701229	6.286016671139936	6.371002737678114	6.456264222591952	6.54179292690486	6.627581090664005	6.713621361411141	6.799906764018017	6.886430672123271	6.973186781511769	7.060169086054016	7.1473718569197295	7.2347896243216425	7.32241715820951	7.410249448021225	7.498281700262008	7.586509372490907	7.674928157881193	7.763533713655662	7.852321357591727	7.94128712904046	8.030430652423503	8.119752614819953	8.209235656501546	8.298835337273815	8.388577190799504	8.478724202176439	8.569420564559458	8.659314773955467	8.746031787011974	8.8346111584458	8.944285613660773	9.066714080395496	9.101600801808566
9.14335562189136	9.10880809342732	8.986962162302834	8.87751895942524	8.789177519068286	8.702783942157224	8.613224554312172	8.522847507890155	8.433018370789325	8.343601484737889	8.25433232536362	8.165183285976688	8.076198841943418	7.987396927588506	7.898777098819802	7.8103397960889875	7.722089079115536	7.634029774840197	7.546166375172013	7.4585033314753	7.371045336297914	7.283797347279334	7.19676455750295	7.1099524012245485	7.023366577052305	6.937013069056883	6.850898165405586	6.765028478393066	6.6794109670712505	6.594052962171268	6.508962193005395	6.424146816188833	6.339615445988009	6.25537718605031	6.17144166228761	6.087819056745992	6.004520142358083	5.9215563185262345	5.838939647520922	5.756682891700593	5.674799551570546	5.593303904704707	5.512211045560462	5.431536926226093	5.351298398153108	5.271513254940206	5.19220027624828	5.113379272932887	5.035071133478272	4.9572978718021306	4.8800826764706	4.803449961317265	4.72742541739798	4.652036066135628	4.57731031341655	4.503278004294397	4.429970477839077	4.357420621539881	4.285662924536116	4.214733528810059	4.144670277342072	4.075512758103044	4.007302342651544	3.9400822180182415	3.8738974105037145	3.808794799992796	3.744823123404217	3.6820329659513256	3.620476738986722	3.560208643331177	3.5012846171249876	3.4437622673571537	3.387700784284379	3.3331608378990834	3.2802044553843794	3.2288948780415443	3.1792963954470714	3.131474153593449	3.0854939325408326	3.0414218877129584	2.999324247436961	2.959266957679085	2.921315263167065	2.8855332119024237	2.8519830667414308	2.820724603488112	2.791814273223207	2.765304213307858	2.7412411100282466	2.719664946040925	2.7006077134330293	2.684092252537892	2.670131484093351	2.6587283962005896	2.649877199956683	2.6435660269400905	2.639779220364788	2.638459426379102	2.638227360553023	2.638191981750231	2.6381889767348765	2.6381919837597576	2.6382273766814763	2.6384595277646437	2.6397795350458155	2.6435658093561907	2.649875577608897	2.6587243833046834	2.6701239648655655	2.6840799863615925	2.700589363373084	2.7196391243233773	2.741206432184936	2.765259353472173	2.791758015185566	2.8206558843624645	2.851901011741414	2.885437159666614	2.9212047815625217	2.9591418503485833	2.9991845516898366	3.041267864691408	3.0853260508554246	3.131293067762656	3.179102920494626	3.228689961539387	3.279989148123963	3.332936264262345	3.387468113279298	3.4435226851771987	3.5010393019757258	3.5599587431316526	3.6202233523951524	3.6817771269891866	3.7445657897707116	3.80853684498688	3.873639618317152	3.939825282041778	4.007046866354126	4.075259258002851	4.14441918758462	4.214485206895772	4.285417657788135	4.357178633963535	4.429731937089326	4.503043028531028	4.5770789778853525	4.651808409365014	4.7272014469432335	4.803229659018555	4.87986600321592	4.957084771803476	5.034861538079836	5.11317310397569	5.191997449018158	5.271313680726639	5.351101986445764	5.431343586574291	5.512020689117991	5.593116445478852	5.674614907390964	5.756500984922962	5.838760405485115	5.921379673801638	6.004346032830689	6.08764742563016	6.171272458172831	6.2552103631081835	6.339450964453225	6.423984643178348	6.50880230364781	6.593895340891398	6.679255608735723	6.764875388906992	6.850747361299876	6.936864575657006	7.023220424990412	7.1098086213371525	7.196623174503424	7.283658372940125	7.370908763133279	7.45836912798283	7.546034483520254	7.633900111598929	7.721961539420192	7.810214261138447	7.898653444600183	7.9872750303102595	8.076078581473695	8.165064567309141	8.254215128077856	8.34348583284341	8.432904033359813	8.522733824431631	8.613111945832298	8.702676616712733	8.789077709866604	8.877404980310104	8.986797536323742	9.10868871479602	9.14335562189136
9.185746783936356	9.151422782484891	9.03011882459126	8.920958208455989	8.832869323620619	8.746793131392707	8.657565190434017	8.56750813414223	8.477997828108965	8.38890625436342	8.29996782242532	8.211153070648779	8.122506447422078	8.034046395199686	7.945772698570458	7.857685866720963	7.769790067394925	7.6820902911166105	7.5945912102473345	7.507297461829189	7.420213935161206	7.333345799899667	7.246698476834158	7.160277643715757	7.074089259285854	6.988139585400791	6.902435206402026	6.816983049550225	6.7317904077590445	6.646864964323998	6.562214819333584	6.477848517618081	6.393775078065043	6.310004024073709	6.226545414930439	6.14340987794281	6.060608641233905	5.978153567153914	5.896057186308552	5.8143327322324	5.732994176751895	5.652056266091121	5.571534557778549	5.491445458416947	5.411806262383306	5.33263519152959	5.253951435955948	5.175775195922729	5.098127724952927	5.021031374150187	4.944509637717413	4.868587199606587	4.793289981162076	4.718645189538307	4.644681366580605	4.571428437756616	4.498917760618107	4.427182172160872	4.356256034337083	4.286175276863657	4.216977436366864	4.148701690813687	4.081388888110384	4.015081567703397	3.9498239740009526	3.8856620604474275	3.822643483127058	3.760817582847249	3.700235354749129	3.6409494046017827	3.5830138910346725	3.526484453018349	3.4714181218774103	3.4178732169693604	3.365909223846416	3.315586653199514	3.2669668781544208	3.220111946578733	3.17508436402395	3.1319468417999503	3.0907620034191914	3.051592041182194	3.0144983129400034	2.979540866849061	2.9467778788800647	2.916264984694834	2.8880544879588848	2.862194436641631	2.8387275791205053	2.8176902400609474	2.7991111951223915	2.783010687714678	2.7693998222108624	2.7582806537587365	2.7496473517360824	2.7434887846951512	2.7397906219139783	2.738498338767676	2.738270756505523	2.7382360699903328	2.738233124208376	2.7382360720775867	2.7382707731955462	2.7384984432174755	2.7397909532121756	2.7434886274849384	2.749645871073748	2.758276911014576	2.7693927583623954	2.782999125424474	2.799093861950353	2.817665807837132	2.838694712424721	2.862151843604087	2.8880009682037446	2.9161994712006787	2.946699472123056	2.9794488605876532	3.014392211518441	3.0514715685221248	3.0906271041175817	3.1317976750129044	3.1749212910572373	3.219935513274832	3.2667777932386564	3.3153857637367676	3.3656974888967266	3.4176516804460357	3.4711878855221965	3.5262466503176544	3.582769662802861	3.6406998768445056	3.6999816192874753	3.760560681034169	3.822384392828512	3.8854016863033523	3.949563140837541	4.014821016848887	4.08112927627861	4.148443591165617	4.216721341338428	4.285921602353547	4.356005124874371	4.426934306712474	4.498673158744524	4.571187265876261	4.64444374415446	4.718411195034836	4.793059657704955	4.868360560243401	4.944286670275507	5.020812045666681	5.097911985680349	5.175562982921485	5.253742676290807	5.332429805090785	5.411604164354016	5.49124656140801	5.57133877364858	5.651863507466413	5.732804358257444	5.814145771445596	5.895873004453521	5.9779720895694375	6.0604297976710715	6.143233602776672	6.226371647394731	6.309832708638145	6.393606165058575	6.477681964149694	6.56205059047338	6.646703034391501	6.731630761445285	6.816825682507386	6.9022801249041645	6.98798680473924	7.07393880072316	7.160129530067459	7.246552727038312	7.333202423211522	7.420072925802436	7.507158794947209	7.5944548398687175	7.681956150542535	7.769658072384565	7.857555921416694	7.9456447021591865	8.033920245010389	8.122382040392425	8.211030324212453	8.299846724151715	8.388786828232076	8.477879826580596	8.56739087184686	8.657449112252078	8.746682548525769	8.832766406874988	8.92084062207849	9.029949569418239	9.15130064777215	9.185746783936356
9.228766155515412	9.194666556322222	9.073907258847708	8.96503091093285	8.877195500723762	8.791437962995504	8.702543133669389	8.612807689157508	8.523617728688363	8.434853015156113	8.346246948336152	8.257768193772236	8.169461164591985	8.08134482548555	7.993419206501643	7.905684897741873	7.818146186088487	7.730808238309684	7.6436759211059435	7.556754071495018	7.4700477899306845	7.383562472448786	7.297303781585751	7.211277651931121	7.125490314633147	7.039948320195609	6.9546585582614995	6.869628278139216	6.784865111335814	6.700377095791197	6.6161727014969935	6.532260857373443	6.448650979263386	6.365352998844972	6.282377393268683	6.199735215374715	6.117438124407903	6.035498417202782	5.95392905985563	5.872743719931353	5.791956799271393	5.711583467476756	5.631639696141689	5.552142293911256	5.473108942431696	5.394558233255786	5.3165097057550454	5.238983886074175	5.162002327138282	5.085587649688348	5.0097635842736965	4.934555014071765	4.859988018335604	4.786089916190092	4.712889310410598	4.640416130725659	4.568701676090864	4.497778655287289	4.427681225107457	4.3584450253078835	4.290107209433681	4.222706470561831	4.156283060970415	4.0908788047254845	4.026537102187791	3.963302925478236	3.9012228040008727	3.8403447991996056	3.7807184678101886	3.7223948129479476	3.665426222422127	3.6098663936610658	3.555770244535378	3.503193809146401	3.4521941172776773	3.4028290556742906	3.3551572086295556	3.309237674562749	3.2651298544140483	3.2228932067564116	3.182586963425308	3.1442697980661003	3.1079994382492813	3.0738322096791806	3.041822498538526	3.012022116233259	2.984479553294596	2.9592391205100266	2.9363399956978373	2.915815219238303	2.8976907123863866	2.8819844447031278	2.868705957160672	2.8578565294539398	2.8494303417286955	2.843416958580372	2.8398032686117585	2.8385373708254376	2.8383141088562303	2.838280088954831	2.8382772001865075	2.838280091106474	2.838314126022084	2.8385374779256507	2.839803614862398	2.8434168575220586	2.8494289937475794	2.8578530396754713	2.86869931905888	2.8819735398556103	2.89767432929248	2.915792087328896	2.9363088285856573	2.959198662450955	2.9844286240005493	3.0119596508108737	3.0417475807939622	3.073744098033546	3.107897584069902	3.1441538565123537	3.1824567971093605	3.2227488827201305	3.2649716351283824	3.3090660038276183	3.354972693357532	3.4026324445730296	3.451986277420213	3.502975701359262	3.5555428984612822	3.6096308832743986	3.6651836426909634	3.7221462582411236	3.7804650125378454	3.8400874810506123	3.900962610005384	3.963040780986781	4.026273862729606	4.090615250597157	4.156019894317673	4.222444314655282	4.289846609803195	4.358186452387477	4.427425078049126	4.49752526662404	4.568451316961893	4.640169016416384	4.712645606003139	4.785849742162582	4.859751455988552	4.934322110694647	5.009534357993983	5.085362093968379	5.161780414903094	5.238765573466644	5.316294935524209	5.3943469377903845	5.472901046454219	5.55193771684809	5.631438354182873	5.711385275335566	5.79176167165153	5.872551572710748	5.953739811003545	6.035311987462618	6.117254437801229	6.199554199608158	6.282198980146785	6.365177124798591	6.448477586084668	6.5320898931982665	6.616004121994983	6.700210865422607	6.7847012044345245	6.869466679508974	6.954499262956403	7.039791332215655	7.125335644405733	7.211125312653311	7.297153784735501	7.383414822989089	7.469902481871857	7.556611084481835	7.643535218540069	7.7306697673462645	7.81800987984586	7.905550679757286	7.993286995530672	8.081214536541417	8.169332708782937	8.2576414989395	8.346122009062636	8.434729855392895	8.523496085186046	8.612686854024762	8.702423579982986	8.791324108708286	8.87708945183005	8.964909679198458	9.073733340373382	9.194541664235667	9.228766155515412
9.272405803140911	9.238531416650911	9.118319345950999	9.009728935001485	8.92214791651815	8.836710293641893	8.748150243977914	8.658738052453335	8.569869983284493	8.481433721250413	8.39316171535593	8.305020741579915	8.21705516968202	8.129284501007442	8.041709028168047	7.954329434288179	7.867150135943171	7.780176487828034	7.693413563508372	7.606866412531888	7.520540358797313	7.434441036625382	7.348574361558767	7.262946535270745	7.177564070172739	7.092433812534668	7.007562962356599	6.922959093682564	6.838630176651632	6.754584600978266	6.670831200541003	6.587379278971146	6.504238636134968	6.42141959534737	6.338933031154518	6.256790397567721	6.175003756687132	6.093585807705838	6.012549916327092	5.931910144657412	5.851681281655154	5.771878874219498	5.692519259001499	5.61361959500993	5.53519789707164	5.45727307019002	5.379864944825111	5.30299431309351	5.226682965854012	5.150953730604471	5.075830510065778	5.00133832127016	4.927503334903938	4.8543529145809625	4.7819156556444256	4.710221423014224	4.639301387517542	4.569188060064696	4.4999153229633695	4.431518457604734	4.364034167707215	4.29750059727083	4.231957342379964	4.167445455997977	4.104007444924302	4.041687258132438	3.980530265770824	3.920583228179444	3.861894254341087	3.80451274923107	3.7484893495321083	3.6938758471179276	3.640725099555739	3.589090926613598	3.5390279913718796	3.490591664029145	3.4438378658812905	3.3988228902763624	3.355603196631381	3.314235172795407	3.274774860011938	3.2372776333389712	3.201797828665556	3.1683883056108	3.1370999339098415	3.1079809905458244	3.081076459023607	3.0564272343498184	3.0340692564814216	3.014032615657743	2.9963406968481876	2.9810094740345106	2.9680471381731945	2.9574543233665085	2.949225261445777	2.943350175808061	2.939817081168818	2.938576515929207	2.938357420822814	2.938324043464566	2.9383212096320936	2.9383240456719033	2.9383574384036026	2.9385766253561285	2.939817440916197	2.943350126874456	2.9492240374374448	2.957451070158745	2.968040898017619	2.980999183544149	2.996325202141952	3.0140107016642803	3.0340396854081155	3.0563887880177396	3.0810279805817182	3.1079214224045204	3.137028350039103	3.1683039373260677	3.2017000836192517	3.2371661077521514	3.274649344365818	3.314095651361046	3.3554498413824	3.3986560498874105	3.443658050633133	3.4903995275015562	3.538824309810498	3.5888765768221735	3.640501036108373	3.6936430796187203	3.7482489205759837	3.8042657136379634	3.861641660143415	3.920326099739055	3.9802695892891453	4.041423969701997	4.10374242115829	4.16717950717381	4.231691207948	4.297234943513495	4.363769587287722	4.431255470717815	4.499654379791358	4.568929544248535	4.639045620370989	4.70996866823731	4.781666124325656	4.8541067703133365	4.9272606988748775	5.001099277217724	5.075595109022004	5.150721995370742	5.226454895173377	5.302769885500894	5.379644122168812	5.457055800826721	5.534984118742377	5.613409237406309	5.692312246030397	5.771675125972135	5.851480716084987	5.931712678973603	6.012355468118691	6.093394295827556	6.174815101959374	6.2566045233669865	6.338749863988253	6.421239065511011	6.504060678530257	6.587203834119375	6.670658215754942	6.754414031572231	6.838461986988305	6.922793257799873	7.007399463909546	7.09227264383961	7.177405230255947	7.262790026984306	7.34842018800725	7.434289197311	7.520390845995466	7.60671920839981	7.693268638298463	7.780033799472309	7.86700963136909	7.954191052586555	8.041572703798575	8.129150163103805	8.21692274060709	8.304890157625557	8.393032977261313	8.481306853040966	8.569744706934538	8.658613639840297	8.748027200547131	8.836593147491689	8.92203870608061	9.009604015840356	9.11814072563653	9.238403762677235	9.272405803140911
9.31665801230857	9.28300959853987	9.163347235485244	9.055044436943742	8.967718743392046	8.882602308772881	8.794378733684852	8.70529147888578	8.616746900634036	8.528640747150268	8.440704577826468	8.352903262926967	8.265281120500124	8.177858202908435	8.090635082391737	8.003612546774928	7.91679515196916	7.830188450947728	7.743797734941158	7.65762827645506	7.571685632609952	7.485975685050592	7.40050461040279	7.315278884199487	7.230305305238733	7.145591018699851	7.061143535799907	6.976970753619299	6.893080976428233	6.809482938207303	6.72618582603604	6.643199304258842	6.560533539356966	6.478199225403358	6.3962076099729455	6.314570520419647	6.2333003904813875	6.1524102872204205	6.0719139383437	5.991825759974185	5.912160884957333	5.83293519178846	5.75416533423844	5.675868771740012	5.598063800576764	5.520769585893004	5.444006194515244	5.367794628544261	5.292156859639966	5.217115863878458	5.142695657011294	5.068921329901201	4.995819083847043	4.9234162654451525	4.851741400566339	4.780824226960411	4.710695724935673	4.641388145502354	4.572935035319039	4.505371257741909	4.43873300925004	4.373057830507648	4.308384611327316	4.244753588817891	4.18220633803659	4.120785754514625	4.060536028083585	4.001502607486531	3.943732155300053	3.8872724927045756	3.8321725336011805	3.778482207465161	3.726252370133989	3.6755347014422006	3.6263815882378587	3.57884599085378	3.532981290579644	3.488841115110084	3.446479138325702	3.4059488500223325	3.367303290186856	3.330594741032063	3.295874368406037	3.2631918027691813	3.232594649159563	3.2041279165215992	3.177833362035354	3.15374875827192	3.1319071083074017	3.112335850542666	3.095056113012415	3.0800821141495582	3.0674208756824526	3.0570724939707645	3.0490312845919374	3.0432880956399275	3.0398319855975497	3.0386157660818176	3.0384006932637226	3.0383679358070164	3.038365154958077	3.0383679380644626	3.038400711214845	3.038615877568493	3.0398323575189212	3.0432880949616528	3.049030176158432	3.057069461730042	3.0674150073849344	3.080072397960461	3.095041449556845	3.112315078080732	3.1318790368633804	3.1537122080914637	3.1777872022749425	3.204071101127016	3.2325262480234396	3.263111027179993	3.29578059041191	3.330487506687806	3.3671823268420953	3.405814067943985	3.4463306270819167	3.4886791352786606	3.532806261460084	3.5786584749375203	3.626182273219069	3.6753243805387545	3.726031921448089	3.778252573057628	3.8319346988894387	3.88702746672375	3.943480952288766	4.001246230173316	4.060275452957748	4.120521919269924	4.18194013128186	4.244485842060033	4.3081160931530755	4.372789242824194	4.4384649853926	4.505104362220498	4.572669764955718	4.6411249317044385	4.710434936856928	4.780566175318864	4.851486341910872	4.923164406690573	4.995570586926032	5.068676316409907	5.142454212751671	5.216878043224337	5.291922689674905	5.367564112937162	5.44377931711435	5.520546314029849	5.597844088078675	5.675652561653067	5.753952561263056	5.8327257844287095	5.911954767384802	5.991622853610546	6.071714163174992	6.152213562871169	6.233106637096637	6.314379659423606	6.396019564787919	6.478013922214823	6.5603509079937385	6.643019279218561	6.726008347628185	6.809307953717654	6.8929084411443435	6.976800631513468	7.0609757996601745	7.14542564954045	7.2301422909086375	7.315118217229166	7.4003462852645425	7.485819695132069	7.5715319672800785	7.657476918591553	7.743648659186635	7.830041622918472	7.916650528814548	8.003470079290967	8.090494716934177	8.177719879295287	8.265144769612919	8.35276882774341	8.440572064535989	8.528510180013626	8.616617987715665	8.705163473930844	8.794252178399235	8.88248184446511	8.96760633774223	9.054915784714625	9.163163870723496	9.282879175211379	9.31665801230857
9.361515306387552	9.328093589061748	9.208983363720979	9.100969878443609	9.013900476078359	8.929106537167682	8.84122118031466	8.752460609443359	8.664241195826294	8.576466893291267	8.488868434526916	8.401408768009556	8.314132151039137	8.227059200886792	8.140190786049455	8.053527809922379	7.967074976131077	7.880838044619985	7.794822533051005	7.709033944896787	7.62347807748423	7.538161065694663	7.453089351900818	7.368269688617759	7.283709162303643	7.199415216186745	7.115395669446781	7.031658736322086	6.948213046520161	6.865067666631186	6.782232122213434	6.6997164204760065	6.617531073520871	6.535687122058527	6.454196159503854	6.373070356391103	6.2923224850896045	6.21196594484049	6.132014787165568	6.052483741720219	5.973388242670802	5.8947444556742825	5.81656930552489	5.738880504512385	5.661696581510919	5.585036911788003	5.508921747490668	5.4333722487303575	5.35841051514928	5.284059617808232	5.210343631189167	5.137287665055024	5.06491789585534	4.993261597310168	4.922347169748579	4.85220416772378	4.7828633253770025	4.714356578979294	4.646717086046466	4.579979240399606	4.514178682533118	4.4493523046547265	4.385538249777561	4.322775904272286	4.26110588332583	4.200570008798734	4.1412112790195135	4.0830738300920535	4.026202888308488	3.9706447132397535	3.9164465310032996	3.8636564570684366	3.8123234077468537	3.762496999229813	3.714227432682378	3.6675653634998677	3.6225617523823526	3.5792676953910485	3.5377342295879557	3.4980121101375925	3.460151553735804	3.4242019419011718	3.3902114762956477	3.358226777353766	3.3282924176202893	3.3004503831887657	3.274739462491692	3.251194573277559	3.2298460536848084	3.210718956272913	3.193832397439588	3.179199047502256	3.166824912774896	3.156709642020439	3.1488476597656803	3.143230407437752	3.139847913892105	3.1386551132645963	3.138443926151492	3.1384117672348535	3.138409037528715	3.138411769537201	3.138443944430474	3.1386552265509597	3.139848296689916	3.1432304512581237	3.148846658863645	3.156706815997791	3.1668193919212153	3.1791898683397877	3.1938185121431704	3.2106992542244566	3.2298193916813576	3.251159810373337	3.274695495766545	3.3003961815527263	3.3282270517282915	3.3581494445520472	3.3901215201292536	3.424098866081609	3.460035030672848	3.4978819842671593	3.537590515838571	3.5791105732439332	3.622391556084954	3.6673825690718456	3.7140326423952743	3.7622909242467593	3.8121068495844836	3.8634302884999867	3.91621167696766	3.970402132260522	4.025953554861328	4.082818718288104	4.140951347897758	4.200306189442305	4.260839067938529	4.322506937274765	4.385267920910681	4.449081344013628	4.513907757401784	4.579708953714336	4.646447976288421	4.7140891212810745	4.7825979336248485	4.851941197443516	4.9220869215773835	4.993004320875373	5.0646637939035	5.137036897697824	5.210096320156189	5.283815850619131	5.358170349139003	5.4331357148798105	5.508688854031179	5.584807647560263	5.661470919067479	5.738658402957403	5.816350713086422	5.894529312004658	5.973176480871726	6.052275290093481	6.131809570699321	6.211763886455435	6.2921235066873775	6.372874379765262	6.454003107186711	6.535496918178876	6.6173436447338565	6.699531696994973	6.782050038927172	6.864888164235565	6.948036072542018	7.03148424587804	7.115223625572528	7.199245589599907	7.283541930525244	7.368104834465016	7.452926861463536	7.538000926002755	7.623320274138748	7.708878459931319	7.79466934321587	7.880687120292312	7.966926281292119	8.053381303472536	8.140046422731459	8.226916928095592	8.313991905757753	8.401270498396242	8.488732151665857	8.576332621842816	8.664108630656386	8.752328987977101	8.841091084046678	8.928982723285575	9.013784837831226	9.100837444324213	9.208795208176902	9.327960386210423	9.361515306387552
9.406970463896222	9.37377614404844	9.25522046899964	9.147498040813552	9.060685944252862	8.976215861424837	8.888670534674286	8.800238476611149	8.712345992542964	8.624905384749065	8.53764662346479	8.450530718851358	8.363601857256809	8.276881233854851	8.190370029190435	8.104069271917913	8.017983820159898	7.932119647582314	7.846482504774716	7.761078131574306	7.675912569555955	7.590992209516604	7.506323760769488	7.421914252283782	7.337771055677647	7.25390190752868	7.170314927877135	7.0870186384411715	7.004021981977329	6.921334342498573	6.838965566014567	6.756925981732917	6.675226423713074	6.593878252920621	6.512893379618383	6.43228428605662	6.352064049459539	6.272246365336084	6.192845571166471	6.113876670530482	6.035355357747322	5.957298043089806	5.879721878619227	5.802644784663337	5.7260854769308365	5.650063494223035	5.574599226668241	5.499713944367414	5.425429826300772	5.351769989304371	5.278758516883067	5.2064204875818145	5.1347820025916056	5.063870212220445	4.99371334081506	4.924340709677333	4.855782757482838	4.7880710576791605	4.721238332321011	4.655318461788861	4.590346489838725	4.526358623443091	4.463392226905613	4.401485809763578	4.340679008028761	4.281012558354857	4.222528264751338	4.165268957480378	4.109278443764523	4.054601449885377	4.001283554156097	3.949371110094108	3.8989111589038203	3.8499513301080843	3.8025397288526293	3.7567248080570352	3.7125552231972248	3.6700796670613514	3.6293466812808233	3.5904044407178355	3.5533005058008764	3.518081536694098	3.484792962134463	3.4534785954571765	3.424180191234884	3.3969369386717396	3.371784893882805	3.348756363762957	3.327879266940603	3.309176507150816	3.292665404648587	3.278357261279117	3.26625719931328	3.2563644956508164	3.24867370355429	3.2431768288236253	3.2398648048211873	3.238694550997123	3.2384871202807726	3.2384555397032715	3.2384528594000663	3.238455542044513	3.2384871388410437	3.2386946658083176	3.2398651971786263	3.243176913494996	3.2486728025425933	3.2563618620036867	3.266252003138275	3.2783485844726497	3.2926522480967413	3.3091578091145597	3.3278539297333345	3.3487232852415656	3.3717430004192033	3.3968852168911248	3.424117716612971	3.453404556630606	3.4847066803671027	3.517982480327823	3.55318829974364	3.5902788711531772	3.6292076958798822	3.6699273710704032	3.712389871862869	3.756546795926007	3.8023495765320043	3.8497496690896917	3.8986987150467147	3.949148686328292	4.001052012926979	4.0543616958074775	4.109031406897769	4.165015577584205	4.222269476810726	4.280749279608844	4.340412126666386	4.401216175386397	4.463120642791807	4.526085840588756	4.59007320269937	4.655045305600996	4.720965881851106	4.787799827225492	4.855513201944565	4.92407322650288	4.993448272647304	5.063607850067267	5.134522589365722	5.206164221871951	5.27850555683833	5.351520456534156	5.425183809712572	5.49947150388355	5.574360396778748	5.649828287344866	5.7258538865527315	5.802416788261261	5.879497440330106	5.957077116132852	6.03513788658463	6.11366259276376	6.1926348191759955	6.272038867681583	6.3518597320789665	6.432083073314897	6.512695195269674	6.593683021050052	6.675034069713512	6.756736433348115	6.838778754443574	6.921150203513245	7.003840456963259	7.086839675242067	7.170138481312298	7.2537279394683685	7.337599534601937	7.4217451523116775	7.506157060218448	7.590827889128094	7.675750610579375	7.760918513902003	7.846325205269351	7.9319646387913165	8.017831069898563	8.103918744036683	8.190221683784976	8.27673502325069	8.363457722517284	8.450388612090995	8.5375065602326	8.624767390217295	8.712209748869755	8.800103206370613	8.888536862279455	8.976088662198658	9.06056703284076	9.147361773150616	9.255027472926422	9.373640149052855	9.406970463896222
9.45301653366699	9.420050302444578	9.302051603987756	9.19462203566333	9.10806832115565	9.023923523925523	8.936720123828403	8.848618504034778	8.761054819000728	8.673949863052986	8.58703290919889	8.500263011805155	8.413684274443021	8.327318481878033	8.241167141279277	8.155231414727751	8.069516319742055	7.9840280482929185	7.898772587966906	7.813755917661807	7.728984324274121	7.644464454000994	7.560203280923909	7.476208106461028	7.39248658136491	7.309046727353269	7.225896954794618	7.143046079918792	7.060503343050865	6.978278427599928	6.8963814794637015	6.814823126797948	6.7336145001671595	6.652767253052176	6.572293582675062	6.492206251120981	6.412518606764139	6.3332446060276535	6.254398835523457	6.175996534626756	6.098053618538804	6.020586701881382	5.943613122847321	5.867150967905637	5.791219097029153	5.715837169378533	5.641025669341063	5.5668059327856945	5.493200173358751	5.420231508607204	5.347923985678813	5.2763026063107645	5.205393350781242	5.135223200462281	5.065820158578337	4.997213268744732	4.929432630835031	4.862509413707895	4.796475864313719	4.731365312700231	4.667212172444609	4.604051936057404	4.541921164928871	4.480857473418707	4.420899506721877	4.362086912170387	4.304460303647185	4.2480612187851845	4.192932068592973	4.139116079079944	4.086657224339961	4.035600150390535	3.985990088856416	3.937872759340326	3.8912942590481783	3.8463009379315043	3.8029392572621523	3.761255629134422	3.7212962338531965	3.683106811452563	3.646732422661377	3.612217173615035	3.579603897931062	3.5489337900040354	3.5202459849024907	3.4935770833794173	3.4689606262673447	3.446426531872641	3.42600052062529	3.407703558573109	3.3915513593119444	3.3775540121624346	3.365715867978837	3.3560358956981493	3.3485087927528956	3.3431271024395257	3.3398826031504476	3.3387340742984106	3.338530277364657	3.338499255990357	3.3384966234427207	3.3384992583639175	3.338530296156763	3.338734190350243	3.339883003751692	3.343127224462056	3.348507984440411	3.356033441520302	3.3657109753399124	3.3775458055265624	3.3915388855385253	3.407685802537463	3.4259764287297756	3.446395040448166	3.4689206918864794	3.493527712557546	3.52018626132577	3.548862898095639	3.579521142124029	3.61212199309225	3.6466244015651177	3.682985684706655	3.7211618888320177	3.7611081034892724	3.802778733288437	3.8461277339259228	3.891108818154367	3.937675636407475	3.9857819358372404	4.03538170078647	4.086429277168716	4.138879482799413	4.192687705369816	4.247809989448221	4.304203113615361	4.361824658592574	4.42063306701105	4.480587695306994	4.541648858114056	4.603777865457849	4.666937053030445	4.731089805826225	4.796200575444631	4.8622348914013305	4.929159366829523	4.996941698991593	5.065550665053866	5.134956113600909	5.205128952379357	5.276041132764041	5.347665631431799	5.419976429711662	5.492948491055485	5.566557737042087	5.640781022292132	5.715596108632017	5.790981638804443	5.86691710998253	5.943382847304292	6.02035997760591	6.0978304034958475	6.175776777877582	6.254182478996453	6.333031586055719	6.412308855418288	6.491999697384406	6.572090153512663	6.652566874433853	6.733417098096212	6.814628628377665	6.896189814006843	6.978089527751352	7.060317145858911	7.1428625277635085	7.225715996067308	7.308868316786967	7.3923106799403335	7.476034680854727	7.560032302520635	7.644295897554985	7.728818166355848	7.81359213503159	7.898611155981588	7.983868939537153	8.06935950339717	8.155076857014743	8.241014805188398	8.327168322541702	8.413536235399958	8.500117048167988	8.586889040639358	8.673808115270544	8.760914861679428	8.848479546009418	8.93658283517343	9.023792899968816	9.107946093304777	9.194481880275722	9.3018537145322	9.419911500481522	9.45301653366699
9.499646847390036	9.466909397743844	9.349470144285785	9.242335311524933	9.156041127805844	9.072223127926154	8.985363648710962	8.897594500349907	8.810361597607798	8.72359437128248	8.63702146305521	8.550599952627735	8.46437384694013	8.37836553037612	8.292576849768725	8.20700910699135	8.121667481750169	8.036558386585897	7.951688047653621	7.867062682916895	7.782688822789908	7.698573365327488	7.614723544082977	7.531146925755224	7.447851431065093	7.364845355607206	7.2821373866411285	7.199736619243057	7.117652573389692	7.035895211730714	6.9544749577073866	6.873402713972997	6.792689881151131	6.712348376929219	6.632390655465185	6.552829727098063	6.4736791783736845	6.394953192411958	6.31666656965167	6.238834749011811	6.161473829503754	6.0846005923158115	6.008232523371422	5.932387836335908	5.857085496016142	5.782345242064128	5.708187612860919	5.634633969422261	5.561706519133072	5.489428339084159	5.417823398752355	5.346916581734233	5.276733706214325	5.207301543821748	5.1386478365047985	5.0708013110328585	5.00379169071939	4.9376497039504255	4.872407089100562	4.808096595423609	4.744751979517803	4.6824079969850585	4.621100388928192	4.560865862956472	4.501742068393828	4.443767565400141	4.386981787717379	4.331424998731924	4.277138240495374	4.224163275262403	4.172542518982888	4.122318966026333	4.073536104224509	4.02623781910021	3.9804682859099287	3.9362718478578453	3.8936928785139426	3.8527756260563772	3.813564036422034	3.7761015517607697	3.740430879764905	3.706593728663285	3.6746305023705883	3.6445799510016585	3.6164787739271653	3.5903611758206493	3.566258381428132	3.5441981228338384	3.524204121726444	3.5062955945745884	3.4904868151400628	3.4767867959536494	3.4651992133822658	3.455722782541259	3.4483523569479235	3.4430809923278267	3.4399012580801798	3.4387736786915224	3.438573399131491	3.4385429188096133	3.438540332455739	3.4385429212089162	3.438573418106381	3.4387737957052638	3.4399016656575863	3.4430811484067867	3.4483516346404994	3.4557204958804832	3.4651946047304927	3.4767790297009844	3.4904749814823894	3.5062787227334984	3.524181200633551	3.5441681266993585	3.5662202975443464	3.5903140322727767	3.6164216654198125	3.6445120615938875	3.6745511244291817	3.7065022777323096	3.7403269053043307	3.775984743858415	3.8134342286742933	3.8526327948791788	3.893537139204267	3.9361034477811154	3.9802875952343064	4.0260453195288735	4.073332376187744	4.122104674787718	4.172318400091833	4.22393011975365	4.276896880198989	4.331176292017177	4.38672660595182	4.443506780361241	4.501476540824704	4.56059643240983	4.620827864994567	4.682133151954366	4.7444755424786855	4.807819247764808	4.872129461343972	4.937372373817249	5.003515182309533	5.070526094983223	5.138374330984322	5.207030116219283	5.276464675379188	5.34665022063771	5.417559937450506	5.489167967876841	5.561449391829916	5.634380206641829	5.707937305303385	5.782098453709565	5.856842267209368	5.9321481867251435	6.007996454672424	6.084368090877016	6.161244868652702	6.238609291169999	6.316444568214742	6.3947345934047215	6.473463921903524	6.552617748643922	6.6321818870496525	6.712142748225386	6.792487320571705	6.873203149775486	6.954278319126818	7.035701430123173	7.117461583340276	7.199548359566269	7.28195180118606	7.364662393778236	7.447671047983317	7.530969082015456	7.614548205104743	7.698400500352497	7.782518403626495	7.866894682537966	7.951522438728589	8.03639514013492	8.121506566453851	8.206850489490886	8.292420494093989	8.378211392864301	8.464221872391638	8.550450098422722	8.636873752694932	8.723448830885184	8.810217884356199	8.89745181011918	8.985222699644426	9.072089036897156	9.15591553794502	9.24219121197151	9.349267305806743	9.466767772059764	9.499646847390036
9.546855029039056	9.514347066018928	9.397469792929874	9.290631656014178	9.204598232461077	9.121108633529781	9.034595176243467	8.947160647194098	8.860260628524863	8.773833332833773	8.687606836838187	8.60153622495771	8.515665391280052	8.430017327885176	8.344594232531113	8.259397551248254	8.174432626472633	8.089706091193996	8.005224409225786	7.920994035014925	7.8370217380006215	7.753314661796336	7.669880291353541	7.586726448736972	7.5038613128090175	7.421293439260305	7.339031776485553	7.257085680673649	7.175464931762653	7.094179750045612	7.013240813081062	6.932659272866989	6.852446773328628	6.772615468133326	6.693178038821766	6.614147713251784	6.535538284364832	6.457364129294037	6.3796402288363385	6.302382187309688	6.225606252808635	6.149329337857452	6.073569040439509	5.998343665356078	5.923672245838595	5.849574565306985	5.7760711791344095	5.703183436246628	5.630933500353252	5.55934437057879	5.488439901234276	5.4182448204454445	5.348784747331326	5.2800862074079005	5.21217664587551	5.145084438436647	5.078838899283192	5.01347028588968	4.94900980025248	4.885489586223841	4.822942722604315	4.761403211675999	4.7009059628801335	4.641486771362854	4.583182291127907	4.526030002539644	4.470068173907773	4.4153358168510675	4.361872635075965	4.309718966114407	4.258915715443364	4.209504282258383	4.16152647600041	4.115024422543177	4.070040458735868	4.026617013746758	3.98479647533928	3.944621038800846	3.9061325357185703	3.8693722391607634	3.8343806411399	3.8011971977089924	3.769860037104344	3.7404056274487125	3.7128684027559493	3.6872803491847423	3.6636705581452165	3.6420647596380644	3.6224848563123038	3.6049484827174196	3.5894686198783115	3.576053322003088	3.564705674715344	3.5554241853736825	3.5482038726542315	3.543038281247568	3.539920722244615	3.538813359602686	3.5386164867770793	3.538586530270972	3.538583988628399	3.5385865326898065	3.538616505888657	3.538813477318786	3.5399211356266194	3.543038468348906	3.548203230193738	3.555422055235346	3.5647013320511607	3.576045968649357	3.5894573868420943	3.6049324413209374	3.622463036364962	3.6420361724208155	3.6636342218596196	3.687235314735297	3.7128137781610686	3.740340599677458	3.7697838906067886	3.801109329283817	3.834280571043607	3.8692596185241106	3.906007150430486	3.9444828100808045	3.984645457267605	4.026453388067128	4.0698645272846345	4.114836597690843	4.161327269507324	4.209294292948067	4.258695616084343	4.309489489878653	4.361634561912609	4.415089960080852	4.469815367308206	4.525771088153767	4.582918107990998	4.641218145301504	4.700633697497302	4.761128080595001	4.822665463005115	4.885210893667961	4.948730324759321	5.0131906291981005	5.07855961320849	5.1448060242151	5.211899554376573	5.2798108400879835	5.348511457802424	5.41797391653624	5.488171647429698	5.5590789907352445	5.630671180599558	5.702924327993621	5.775815402128153	5.849322210670728	5.923423379056559	5.998098329158292	6.073327257551732	6.14909111358496	6.2253715774284	6.3021510382530925	6.379412572654761	6.457139923411874	6.535317478637967	6.6139302513623255	6.6929638595498115	6.772404506551181	6.852238961960566	6.932454542847176	7.01303909532426	7.0939809764216335	7.175269036239786	7.25689260037288	7.33884145257128	7.421105817588452	7.503676344261898	7.586544089196536	7.669700501300409	7.753137405569845	7.836846982798481	7.920821749714413	8.005054563085624	8.089538652618936	8.174267562383461	8.259234827371891	8.344433812651832	8.429859168415316	8.515509437404596	8.601382435773218	8.687455239400734	8.773683953444037	8.86011311160276	8.947014176160927	9.034450519462348	9.120971030707175	9.20446923307535	9.290483553851672	9.397261947357997	9.514202598235897	9.546855029039056
9.594635000727061	9.562357250114427	9.446044580414668	9.339505193213324	9.253733845089528	9.170574348418398	9.084409125979768	8.997311481582779	8.91074656750021	8.8246615244379	8.738783930846763	8.653066853243867	8.567554054025972	8.482269138902375	8.397214665890917	8.31239222743853	8.227807326953718	8.143466815387349	8.059377390919058	7.975545739492997	7.891978862658587	7.808684140877251	7.725669300063834	7.6429424054661705	7.560511880131212	7.478386524118693	7.396575529486044	7.315088494354865	7.233935437791994	7.153126815324041	7.072673534734586	6.992586972102328	6.9128789881400206	6.833561944858104	6.754648722548524	6.67615273708572	6.598087957549949	6.520468924181497	6.4433107666729965	6.366629222801929	6.290440657395702	6.21476208160699	6.139611172457316	6.0650062925831545	5.990966510092063	5.917511618407867	5.8446621559548175	5.7724394255020695	5.700865512962665	5.629963305416162	5.559756508101736	5.490269660109245	5.421528148479651	5.353558220413549	5.2863869932773495	5.220042462091236	5.154553504181614	5.089949880683379	5.026262234584451	4.963522085016061	4.901761817506806	4.841014669934907	4.781314713929448	4.722696831484187	4.665196686553218	4.6088506913913765	4.553695967379204	4.499770300027984	4.447112087792032	4.395760284222124	4.345754332877037	4.297134094272812	4.24993976399488	4.204211780927387	4.15999072435948	4.1173171984900225	4.076231702541135	4.036774484284655	3.9989853742863035	3.9629035976182547	3.9285675592741924	3.8960145992562065	3.865280713675356	3.8364002395799894	3.809405503555164	3.784326437122117	3.7611901659327573	3.740020585365712	3.7208379409076704	3.7036584347138723	3.6884938849844633	3.6753514912836955	3.66423382111374	3.6551392134272436	3.6480628588457895	3.6429987690176917	3.6399409515334034	3.6388531125106707	3.6386595411531553	3.638630092075637	3.638627593735555	3.638630094508379	3.63865956036017	3.6388532306999237	3.639941369684236	3.642998984410279	3.6480622906301807	3.655137229752129	3.6642297279099822	3.6753445255147676	3.688483216068037	3.703643173877641	3.720817157136212	3.7399933260374825	3.7611554800728344	3.7842833993307026	3.809353237007066	3.836337936915554	3.8652076550255314	3.895930166999933	3.9284712493864076	3.962795027635029	3.99886428801338	4.036640753435319	4.0760853255314204	4.117158296655997	4.159819535895717	4.204028652874952	4.24974514262698	4.29692851423386	4.345538405426253	4.395534684917735	4.446877543929717	4.499527578120155	4.553445860931995	4.608594009204848	4.664934241737764	4.722429431352528	4.781043150889092	4.840739713471065	4.901484207311028	4.963242525282297	5.025981389462667	5.089668370852413	5.154271904478293	5.2197613001129	5.286106748860169	5.353279325879717	5.421250989542492	5.489994577326225	5.5594837987701515	5.629693225814195	5.700598280847967	5.772175222790014	5.844401131507995	5.917253890876606	5.990712170752564	6.064755408125461	6.139363787680446	6.214518221983896	6.290200331477392	6.366392424438341	6.443077477038713	6.520239113606403	6.5978615871677775	6.675929760325397	6.754429086502562	6.833345591567002	6.912665855830233	6.992376996407004	7.072466649911307	7.152922955463774	7.233734537991364	7.314890491803249	7.396380364404414	7.4781941404817704	7.560322226110619	7.642755433550144	7.725484966839574	7.808502406504042	7.891799690097131	7.975369093553757	8.059203237168358	8.143295119083529	8.227638052557309	8.31222533897747	8.397050126111013	8.482106903555415	8.567394068073243	8.652909077081084	8.73862839481336	8.824508254671116	8.910595195213224	8.997161178055167	9.084260711782752	9.170433187207369	9.253601387047723	9.339353028276625	9.445831667679911	9.56220992058149	9.594635000727061
9.642980984615852	9.610934199662365	9.49518885998838	9.388950376096085	9.30344250676905	9.22061491338658	9.134800251464567	9.048041873002825	8.961814398521314	8.876074044181323	8.790547957169085	8.705187161326466	8.620035265747056	8.535116493456098	8.450433770093385	8.365988834673779	8.28178734756496	8.19783637292813	8.11414283780988	8.030713652510714	7.94755604167511	7.864677611880141	7.782086317658949	7.699790453493104	7.617798671067034	7.536119997702752	7.454763850510716	7.373740049499068	7.293058831457987	7.212730864473083	7.132767262711118	7.053179601432084	6.973979932292768	6.895180798971995	6.816795253115312	6.738836870593452	6.66131976807242	6.584258619891992	6.507668675244242	6.4315657756357405	6.35596637260624	6.280887545662006	6.206347020363781	6.132363186487964	6.058955116156037	5.986142581802155	5.913946073823537	5.842386817733555	5.771486790614267	5.701268736644208	5.63175618145936	5.562973445090445	5.494945653208638	5.427698746404228	5.3612594872188595	5.2956554646516265	5.230915095862266	5.167067624800998	5.104143117503752	5.0421724538031505	4.9811873152186426	4.921220168802149	4.862304246726141	4.804473521406413	4.747762675948495	4.692207069690763	4.637842698585447	4.584706150107963	4.532834552314091	4.482265516573921	4.433037073403268	4.385187600689549	4.338755743471001	4.293780324272213	4.2503002428141965	4.208354363682423	4.167981390227336	4.129219722578982	4.0921072972042065	4.056681404984501	4.022978484454332	3.9910338868161648	3.9608816099698267	3.932554000329965	3.9060814235078904	3.8814919075988445	3.8588107660860174	3.838060211958409	3.819258979366976	3.8024219715287946	3.787559958750481	3.7746793769318243	3.763782338650147	3.754867048187884	3.7479288730517983	3.742962271179565	3.7399619051189292	3.7388929332866816	3.738702563147977	3.738673605903709	3.7386711495259086	3.738673608345561	3.738702582415679	3.738893051758587	3.7399623271645948	3.742962512455037	3.7479283740271514	3.7548652017981383	3.7637784797395946	3.774672775430457	3.7875498202213467	3.802407444984726	3.8192391712502096	3.838034204651993	3.8587776391280455	3.8814507598428323	3.906031394731844	3.932494291153025	3.9608114993085994	3.9909527464428916	4.022885790472609	4.056576746210186	4.091990380544363	4.129090375563301	4.167839560885761	4.2082001179938535	4.250133759979898	4.293601890093885	4.338565742133821	4.384986505262029	4.432825435366958	4.482043954687563	4.532603741100756	4.584466808232445	4.637595577364634	4.6919529419534	4.747502325433243	4.804207732858688	4.862033796824947	4.920945818018183	4.980909800674679	5.0418924831776515	5.103861363989617	5.166784723104267	5.230631639201337	5.295372002697039	5.360976524897622	5.42741674348141	5.494665024552436	5.562694561524973	5.631479371111114	5.700994286692605	5.771214949362812	5.842117796925026	5.913680051129244	5.985879703421465	6.058695499467792	6.13210692270049	6.206094177115302	6.280638169529208	6.355720491485898	6.4313234009732625	6.507429804093462	6.584023236802367	6.661087846811802	6.738608375725629	6.816570141459908	6.89495902097858	6.973761433359908	7.052964323195007	7.132555144309103	7.212521843790878	7.292852846317195	7.373537038758615	7.454563755023731	7.535922761073469	7.617604240156961	7.699598778640998	7.781897352605236	7.864491313422589	7.947372369112334	8.030532566919234	8.113964301172752	8.19766034727538	8.281613794666335	8.365817716523253	8.450265047996838	8.534950122073424	8.619871189410146	8.705025341412783	8.790388427035442	8.875916829383621	8.96165911650772	9.047887683120438	9.13464802841393	9.220470145789783	9.303306539662938	9.388794086833117	9.494970818533854	9.610783987856534	9.642980984615852
9.691887500607214	9.660072466698493	9.54489729812209	9.438961973979046	9.353719074096533	9.271225282891123	9.18576361666842	9.099346995746831	9.013459401982079	8.928066275418889	8.842894399344704	8.757892727960186	8.67310469260736	8.5885551350585	8.504247354016183	8.42018323320003	8.336368583800002	8.252810676354613	8.169516659308673	8.086493658320581	8.003749110369032	7.921290835800741	7.8391270039659	7.7572661233545315	7.675717057666716	7.594489043527229	7.513591703878796	7.433035060216625	7.352829545564274	7.272986018081129	7.193515774937245	7.11443056640178	7.0357426102117175	6.957464606253997	6.879609751558259	6.802191755589772	6.725224855832018	6.648723833643864	6.572704030368158	6.497181363658703	6.42217234398097	6.347694091227997	6.273764351376493	6.200401513089547	6.1276246241521575	6.055453407604503	5.983908277416566	5.913010353526941	5.842781476049512	5.773244218434683	5.704421899357698	5.636338593095852	5.569019138149077	5.502489143854819	5.436774994748036	5.371903852420251	5.3079036546376965	5.24480311148687	5.182631698326053	5.1214196453323	5.061197923444103	5.001998226508798	4.943852949448478	4.886795162256384	4.830858579624566	4.7760775259800665	4.722486895668954	4.6701221079734	4.619019056576948	4.569214053008056	4.520743763493738	4.473645138544121	4.427955334463324	4.383711625835343	4.340951307852921	4.299711587123494	4.260029459283283	4.221941571382881	4.185484066617621	4.150692408643518	4.1176011825573795	4.086243869805902	4.056652595091611	4.02885784494868	4.002888159841133	3.978769803925424	3.956526419229179	3.9361786747101686	3.917743924586535	3.9012358923697104	3.8866644023378942	3.874035206775683	3.863350018511814	3.854606936169753	3.847801507578451	3.8429286175244184	3.8399835452194804	3.8389328182395936	3.8387455537688124	3.838717073503451	3.8387146578119267	3.83871707595062	3.8387455730699265	3.8389329368455747	3.8399839704528946	3.8429288825884034	3.8478010732020422	3.854605218690213	3.8633463799555656	3.8740289480317913	3.886654762989449	3.9012220571856813	3.9177250357630333	3.9361538484613754	3.956494765118069	3.9787304453501133	4.002840254289522	4.028800602929237	4.056585296974001	4.086165880106708	4.117511961448807	4.150591520635321	4.185371186472618	4.221816487391587	4.2598920740624955	4.29956191613135	4.340789475837169	4.383537861454079	4.427769963336776	4.473448575009322	4.520536501339196	4.568996655462525	4.618792145816	4.669886354391601	4.722243007145783	4.775826237345829	4.8306006425092605	4.886531335480277	4.943583990088074	5.001724881746122	5.060920923280786	5.121139696223378	5.182349477762109	5.244519263528183	5.30761878638105	5.371618531359098	5.436489746970335	5.502204453010613	5.568735445111625	5.63605629623589	5.704141355349156	5.772965743511554	5.8425053476364	5.912736812169557	5.983637528942475	6.055185625448411	6.12735995178422	6.200140066489501	6.27350622150154	6.34743934642857	6.421921032326104	6.4969335151418734	6.572459658974885	6.648482939273605	6.724987426077939	6.801957767389734	6.879379172737588	6.957237396984016	7.035518724406806	7.114209953071645	7.193298379500618	7.272771783633606	7.352618414078651	7.432826973641591	7.513386605093844	7.594286877110396	7.675517770437768	7.757069664669508	7.838933325760699	7.921099892411178	8.003560858176437	8.08630805525189	8.16933366418808	8.252630248254789	8.336190681929066	8.420007817518742	8.504074384275008	8.588384564613753	8.672936464904291	8.757726805122598	8.842730817504776	8.927905059111337	9.013300154291828	9.09918886428397	9.185607532202397	9.271076859987593	9.353579546629094	9.438801497865391	9.544674065510726	9.65991935167159	9.691887500607214
9.741349359677978	9.709766896805526	9.59516486023257	9.489535055167822	9.404558698874645	9.322400701014162	9.237294568037928	9.151222297171532	9.06567711920088	8.980633847572737	8.895818969547983	8.811179340588083	8.726758187022044	8.642580968617565	8.558651360796722	8.474971388284454	8.391547005040632	8.308385679309122	8.225494771779617	8.14288161293969	8.060553839963035	7.978519473409257	7.896786882620932	7.815364774049443	7.734262206179138	7.653488606590162	7.573053784678659	7.492967943104261	7.413241689946996	7.333886051501105	7.254912485332187	7.17633289353289	7.098159636242144	7.020405545461529	6.943083939163468	6.866208635675144	6.789793968319115	6.71385480028472	6.638406539694124	6.563465154815647	6.4890471893652455	6.415169777823936	6.341850660684521	6.269108199525172	6.196961391790604	6.1254298851441895	6.054533991236928	5.984294698722425	5.914733685331615	5.845873328807624	5.77773671649039	5.710347653333057	5.643730668127886	5.5779110177185744	5.512914688978383	5.448768398338746	5.385499588660824	5.323136423251671	5.261707776836731	5.201243223310013	5.141773020091046	5.083328088922394	5.025939992940632	4.9696409098457295	4.914463600976088	4.860441376067643	4.807608053433778	4.755997915248212	4.705645657545961	4.656586334479277	4.608855296276615	4.562488120252158	4.517520534096433	4.4739883305367165	4.431927272276439	4.391372985891245	4.3523608430694205	4.314925827253919	4.279102383429115	4.244924248585285	4.2124242603942115	4.181634141985442	4.152584261632347	4.125303367753363	4.099818301625064	4.07615369209927	4.054331638626769	4.034371391880473	4.0162890446110495	4.00009724727721	3.9858049685920336	3.973417347847985	3.9629357464519734	3.9543581823824216	3.9476803859937886	3.9428976506003957	3.9400058366841737	3.9389727639248986	3.938788513974934	3.938760496528563	3.938758120307503	3.9387604989782616	3.938788533289301	3.9389728825546726	3.940006264547811	3.942897937638032	3.947680012177688	3.9543565861539958	3.962932315412323	3.9734114119823802	3.985795799515791	4.000084063585605	4.016271022584205	4.034347680342074	4.054301376541307	4.076116027483678	4.099772410496368	4.125248472075864	4.152519645509283	4.181559165612204	4.212338371518841	4.244826991392074	4.278993404874649	4.314804880954343	4.352227790878559	4.391227797335434	4.431770022032496	4.473819194158373	4.5173397822117245	4.562296111467845	4.608652469033529	4.65637319810367	4.705422782736426	4.75576592422671	4.807367609974058	4.86019317559642	4.9142083609226574	4.969379360394859	5.025672868321959	5.0830561193471615	5.141496924424001	5.200963702540878	5.261425508392452	5.322852056168045	5.385213739611158	5.44848164849842	5.512627581688393	5.577624056898449	5.6434443173791	5.710062335667831	5.777452814617082	5.845591185902438	5.914453606226149	5.984016951437538	6.054258808794938	6.12515746759362	6.1966919083805445	6.268841790970089	6.341587441465233	6.4149098384768095	6.488790598719333	6.563211962146572	6.6381567767735055	6.713608483314296	6.789551099748514	6.865969205910594	6.942847928180502	7.020172924337239	7.097930368621146	7.176106937035976	7.254689792908413	7.333666572713941	7.4130253721750545	7.492754732629123	7.572843627628271	7.653281449707563	7.734057997392577	7.815163462831077	7.896588420138445	7.9783238124981715	8.060360934960775	8.14269141939357	8.225307246005862	8.308200777940906	8.391364685099436	8.474791607924143	8.558474078288251	8.642406135952944	8.726585746615152	8.811009255154426	8.895651277807298	8.980468572631237	9.065513849212753	9.15106016826877	9.237134569083214	9.322248573487188	9.404415559326623	9.489370329213951	9.594936373838529	9.709610857664613	9.741349359677978
9.791361652889048	9.760012615889208	9.645986791942383	9.54066496517417	9.455956803544128	9.374136673428536	9.289388702876394	9.203663462716351	9.1184633142432	9.03377259488709	8.949317564473487	8.865042948647304	8.78099173874605	8.697190009736754	8.6136418158385	8.530349317490275	8.447318601720028	8.364557324254443	8.282073047504863	8.199873295069322	8.117965891161235	8.036359042165984	7.955061301963994	7.874081558499435	7.793429047599013	7.713113369451771	7.633144500739634	7.553532805382083	7.474289045957296	7.3954243957654855	7.316950451149944	7.238879243997041	7.1612232544758205	7.08399542404932	7.007209168748755	6.93087839268846	6.855017501794884	6.779641417714442	6.7047655918535085	6.630406019491825	6.556579253898849	6.483302420370565	6.410593230091632	6.338469993714704	6.266951634535094	6.196057701125254	6.125808379279802	6.056224503108867	5.9873275651056055	5.919139725003661	5.851683817232583	5.784983356774073	5.71906254321997	5.653946262833862	5.589660088422156	5.5262302768269045	5.463683763860846	5.402048156514379	5.341351722273144	5.281623375392563	5.22289265998048	5.165189729739528	5.1085453242152745	5.052990741383068	4.998557806384272	4.945278836190188	4.893186599929192	4.842314274559284	4.792695395505708	4.744363801811723	4.697353575269808	4.651698972907299	4.60743435208835	4.564594087354308	4.5232124779462515	4.4833236447285625	4.444961414964031	4.408159193108678	4.372949815563392	4.33936538722836	4.3074370978473056	4.2771950166118	4.248667864473267	4.221882765137811	4.196864977483194	4.173637613647026	4.1522213485208015	4.132634128794462	4.11489089262728	4.099003312956247	4.084979583433564	4.072824292834049	4.062538493597375	4.054120144670207	4.0475651601147655	4.042869224469864	4.040028746686409	4.039012767013261	4.03883144455881	4.038803876421182	4.0388015385110805	4.038803878871422	4.03883146387182	4.03901288558624	4.0400291767414425	4.042869531899458	4.047564843165948	4.054118662671625	4.0625352582311995	4.07281866145213	4.084970857825632	4.098990743714461	4.114873688493031	4.132611469956901	4.152192402623848	4.173601553227339	4.196820997665904	4.2218301006128245	4.2486058050159095	4.277122920654792	4.307354403823967	4.33927162257221	4.3728446033646815	4.408042256501542	4.4448325793612256	4.483182838046835	4.5230597289835375	4.564429522495741	4.607258190532798	4.65151152061907	4.697155217869408	4.744154996623694	4.792476662980028	4.842086189275923	4.892949781384164	4.94503393954695	4.998305513357761	5.05273175140572	5.108280346015516	5.164919473443746	5.2226178298293755	5.2813446631425	5.341069801332716	5.401763676846631	5.463397347662887	5.525942514981595	5.58937153770167	5.653657443822438	5.718773938913127	5.7846954118038205	5.851396937662511	5.918854278633709	5.987043882223671	6.0559428776249	6.1255290701775005	6.195780934167135	6.2666776041584376	6.3381988650590655	6.410325141103215	6.483037483934854	6.556317559960464	6.630147637129079	6.704510571284447	6.779389792220224	6.854769289554763	6.930633598527299	7.006967785802404	7.083757435354792	7.160988634491775	7.2386479600560705	7.316722464838236	7.395199664218844	7.474067523056569	7.553314442827213	7.632929248981084	7.712901178461216	7.793219867467271	7.873875339858039	7.954857996239451	8.036158601693023	8.117768269187396	8.199678445646821	8.281880925229327	8.364367883983022	8.447131798805772	8.530165108639011	8.613460158035378	8.697010853652895	8.780815025715084	8.864868641914777	8.949145705248583	9.03360320452348	9.118295965485768	9.203497280598851	9.289224736505718	9.373980792172354	9.455810000333571	9.540495926522656	9.645752989704699	9.759853632291158	9.791361652889048
9.841919736288103	9.810805012886568	9.697358596368765	9.592347301095373	9.507909053038327	9.426428936147346	9.342041834941998	9.256666378661174	9.171813934108409	9.087478514268133	9.003386221109242	8.91947961763348	8.835801427644192	8.752378336651207	8.669214778419699	8.586313042508216	8.503679337964178	8.421321496537807	8.339247270795626	8.25746436487472	8.175980776200184	8.09480488211108	8.01394540528496	7.9334113986062516	7.853212257917444	7.773357737978985	7.693857964086145	7.6147234421856	7.535965069632608	7.457594146594011	7.37962238770073	7.302061933854524	7.224925364243082	7.148225708592743	7.071976459645802	6.996191585834575	6.920885544118905	6.846073292944609	6.771770305268251	6.697992581581203	6.624756662854534	6.552079643315179	6.4799791829529765	6.408473519647361	6.337581480791917	6.2673224942843495	6.19771659873924	6.128784452771361	6.060547343188587	5.993027191926351	5.926246561550274	5.860228659150634	5.794997338451887	5.730577099962676	5.66699308899626	5.604271091398029	5.542437526824488	5.481519439426431	5.421544485796439	5.362540920046038	5.30453757587976	5.247563845530108	5.191649655408003	5.136825438306398	5.0831221019695425	5.030570993806581	4.979203861485735	4.92905280909488	4.880150248496422	4.832528845438762	4.786221459911686	4.7412610801441035	4.6976807495326405	4.655513485650741	4.614792190312885	4.575549549455901	4.537817921361047	4.501629211514116	4.467014732254705	4.434005045383654	4.402629786153086	4.372917467631906	4.344895265425059	4.31858878414075	4.2940218085195045	4.271216043288276	4.25019084684337	4.230962965823437	4.2135462802993695	4.197951571381902	4.184186329454277	4.172254648183049	4.16215730843845	4.153892228838229	4.147455507482826	4.142843203757425	4.140052244606595	4.139052824333102	4.138874346200545	4.138847214467787	4.138844913761623	4.138847216917077	4.138874365501259	4.139052942789482	4.140052676503531	4.142843530189681	4.14745524405405	4.153890854624403	4.162154257813154	4.172249304256241	4.184178022452859	4.197939582163937	4.213529848500608	4.230941301752238	4.250163146032366	4.2711815025584485	4.293979642483227	4.318538241227494	4.344835642718263	4.372848124021164	4.402550153502064	4.433914637572622	4.466913152071808	4.501516155445431	4.537693182375396	4.575413017907236	4.614643853100051	4.6553534237878385	4.697509134295807	4.7410781679722485	4.7860275862484345	4.83232441770891	4.87993573841155	4.9288287444792935	4.978970817805979	5.03032958557638	5.082872974188192	5.136569258073217	5.191387103839018	5.247295610086157	5.304264343197784	5.362263369347758	5.42126328293113	5.481235231587379	5.54215093796241	5.603982718339548	5.666703498261809	5.7302868252661145	5.794706878853624	5.859938477827265	5.92595708513643	5.992738810378391	6.0602604101151645	6.1284992861724	6.197433482092786	6.267041677920091	6.337303183491093	6.408197930411279	6.479706462886626	6.551809927578052	6.624490062637792	6.697729186078076	6.771510183612613	6.845816496100443	6.92063210671005	6.995941527909303	7.071729788373868	7.147982419893549	7.224685444342444	7.301825360764938	7.379389132616575	7.457364175189903	7.535738343250948	7.6144999188991	7.693637599623235	7.773140486504098	7.8529980726632695	7.933200232360513	8.013737210742574	8.094599612114752	8.175778383892707	8.257264803744345	8.339050494560578	8.421127459002795	8.503487993394124	8.586124346584214	8.66902868710452	8.752194799418364	8.835620384793778	8.919301032992545	9.003210138401695	9.087304952893929	9.171642451052811	9.256496088393872	9.34187384910728	9.426269252964826	9.507758535369947	9.59217388768938	9.697119417572539	9.810643065522344	9.841919736288103
9.893019212070001	9.862139718837224	9.749276008054162	9.644577882887258	9.560411323883704	9.479273421974357	9.395249958263474	9.310227093688406	9.225725068392439	9.141747723349747	9.05802107354808	8.974485485062571	8.891183379248762	8.808142045852081	8.725366297878438	8.64285854641809	8.560625110460188	8.478673985401946	8.397013101677093	8.315650330858087	8.234593829394695	8.153852130525461	8.073434109987344	7.993348969241227	7.913606247187283	7.834215835658941	7.755187990591174	7.676533341571111	7.598262901988829	7.520388079835281	7.442920688738917	7.365872959127342	7.289257549559877	7.213087558256442	7.13737653480529	7.062138492016462	6.987387917882263	6.913139787596984	6.839409575575906	6.766213267401305	6.693567371612158	6.6214889312440475	6.549995535016366	6.47910532805516	6.408837022031736	6.339209904589364	6.270243847923134	6.201959316371441	6.134377372871682	6.067519684128175	6.0014085243371476	5.936066777312376	5.871517936855732	5.807786105219702	5.744895989513542	5.682872895910859	5.621742721523259	5.561531943811384	5.502267607409988	5.443977308246548	5.386689174831795	5.330431846594312	5.275234449119024	5.221126566130066	5.168138208031943	5.116299776789112	5.065642026883462	5.01619602204202	4.967993087373722	4.921064756493214	4.8754427131382645	4.831158726700674	4.788244580981419	4.7467319953433975	4.706652537266781	4.668037525117635	4.630917919738951	4.5953242033069195	4.561286243831285	4.528833143790924	4.497993071738025	4.468793076319859	4.441258883121146	4.415414676006642	4.3912828659170025	4.368883850895981	4.34823577180106	4.3293542697655765	4.312252253994302	4.296939690763507	4.283423431343164	4.271707123555141	4.26179130972295	4.253673884332156	4.247351129135667	4.242819462829236	4.2400763019696734	4.23909293297344	4.238917219588816	4.238890511922884	4.238888247362543	4.23889051437004	4.238917238868776	4.239093051268978	4.240076735431381	4.242819807042441	4.247350916192526	4.253672611987724	4.261788433747055	4.271702051317626	4.283415519882944	4.296928249569652	4.312236552092186	4.329333546350039	4.348209249458176	4.368850750389407	4.391242421559222	4.415366150759828	4.441201582745345	4.468726362076168	4.497916371333609	4.528745960402811	4.56118816315919	4.5952148986828405	4.6307971553696845	4.667905157564597	4.706508515284401	4.746576358209456	4.7880774554634185	4.830980322812825	4.875253318853078	4.920864731578654	4.967782856530191	5.01597606751249	5.065412880704892	5.116062012844597	5.16789243405175	5.220873415776516	5.274974574276062	5.330165909967854	5.386417842951931	5.443701244947659	5.501987467849991	5.561248369076672	5.62145633385189	5.682584294553153	5.744605747236709	5.8074947654515245	5.871226011451756	5.935774744921486	6.001116829331867	6.067228736058726	6.134087546396631	6.201670951612952	6.269957251191652	6.338925349420883	6.408554750481053	6.478825552190422	6.549718438563859	6.621214671337178	6.693296080604709	6.76594505471167	6.839144529535661	6.91287797728334	6.987129394919015	7.061883292331765	7.137124680336727	7.212839058594525	7.2890124035206645	7.365631156243803	7.4426822106597035	7.520152901619322	7.598030993285066	7.676304667675018	7.75496251337329	7.8339935143647885	7.913387039111421	7.993132830280723	8.073220995084656	8.15364199401928	8.23438662529355	8.31544601300633	8.39681162375076	8.478475300874253	8.56042917309568	8.642665311320165	8.725175720297377	8.807954074261843	8.890997953068918	8.974302568887632	9.057840713790657	9.141569937400678	9.225549397272347	9.310052641999455	9.395077902613725	9.47910989035695	9.560257042466313	9.644400034177359	9.749031394096516	9.861974789879415	9.893019212070001
9.944655906358843	9.914012582724837	9.801734964087927	9.697352722201796	9.613459671321746	9.532666225521261	9.44900921010726	9.364341780226471	9.280192909425137	9.196576419783568	9.113218311812009	9.03005671925769	8.947133723962216	8.86447721216599	8.78209237503215	8.699981736911065	8.618151713939035	8.536610452173653	8.455366047208171	8.374426524706791	8.293800185874884	8.213495704871276	8.133522094992419	8.053888690311764	7.974605156383695	7.8956815053153715	7.817128106539748	7.738955695848824	7.661175384981023	7.583798671854328	7.506837451025208	7.4303040242402405	7.354211111116772	7.278571859973594	7.2033998587896555	7.1287091462528505	7.054514222855909	6.980830061988164	6.907672120960185	6.835056351886531	6.76299921234128	6.691517675691714	6.620629241007343	6.550351942434265	6.48070435791861	6.411705617157324	6.343375408649697	6.275733985718978	6.208802171369932	6.142601361845766	6.077153528746506	6.012481219570953	5.948607556545769	5.885556233608363	5.823351511414379	5.762018210245848	5.701581700701439	5.642067892055008	5.583503218171702	5.525914620871212	5.469329530623984	5.413775844457674	5.359281900936677	5.305876452057082	5.253588631872734	5.2024479216353985	5.152484111193846	5.1037272563529195	5.0562076318438445	5.009955679499341	4.965001951157746	4.92137704573433	4.879111539789522	4.838235910789821	4.7987804520993524	4.760775178569365	4.724249721432797	4.689233211105347	4.655754146505728	4.623840249697638	4.593518305058144	4.564813982807622	4.537751647629699	4.512354154231842	4.488642632734167	4.466636267315852	4.446352071929375	4.427804668261442	4.411006073569873	4.395965508578716	4.382689242893464	4.371180522391818	4.36143968007214	4.353464600315556	4.347251747536515	4.3427978849748525	4.3401008923109075	4.339133090315419	4.338960065474922	4.338933770066852	4.338931540639913	4.338933772510953	4.3389600847279555	4.3391332084205825	4.340101327128462	4.34279824590425	4.347251582336013	4.35346342441619	4.361436969430924	4.371175707241864	4.382681705566149	4.3959545856536035	4.410991062024229	4.42778483496936	4.446326665669097	4.466604532369678	4.488603823188857	4.5123075481844745	4.537696560649137	4.564749780167931	4.593444412422538	4.623756162072037	4.65565943539079	4.68912752985384	4.7241328088695855	4.760646860961368	4.798640643580466	4.838084612357357	4.878948836998213	4.921203105223118	4.964817016153249	5.009760064446967	5.056001716321969	5.10351147842626	5.152258960359258	5.202213931506959	5.253346372743936	5.305626523467007	5.359024924355027	5.413512456190901	5.469060375031967	5.525640343971244	5.583224461693922	5.641785288001101	5.701295866446349	5.7617297442104105	5.823060989325461	5.885264205351989	5.94831454360824	6.012187713052995	6.076859987926295	6.142308213258451	6.208509808364263	6.275442768445917	6.343085664433964	6.411417641200517	6.480418414282139	6.550068265251658	6.6203480358783775	6.69123912121491	6.7627234617463055	6.83478353473332	6.907402344876704	6.9805634144233215	7.054250772827701	7.128448946074405	7.203142945757332	7.278318258002048	7.353960832306391	7.430057070362887	7.506593814915502	7.583558338695822	7.660938333479722	7.738721899290283	7.816897533730029	7.895454121409395	7.974380923606011	8.053667568574664	8.133304042418581	8.213280678234735	8.293588140968412	8.374217416597185	8.455159830313754	8.536407080316888	8.61795114095129	8.69978391777322	8.781897264635484	8.864284758265763	8.946943865371601	9.029869421675295	9.113033624673573	9.196394358564563	9.280012999116003	9.364163116405631	9.448833036876817	9.532498801482012	9.613301579116111	9.69717037984838	9.80148485918392	9.913844656213652	9.944655906358843
9.996825843898113	9.966419644431655	9.854731572878572	9.75066798928255	9.667050294998873	9.586603567413208	9.503315833769973	9.419006696265091	9.335213713561313	9.251960842399926	9.168974143282123	9.086189481477236	9.003648560324454	8.92137985359487	8.83938892900857	8.757678415512023	8.676254813167086	8.595126405374824	8.514301440030188	8.433788083561286	8.353594767813458	8.273730293172314	8.194203795415511	8.115024725821165	8.036202860877435	7.957748316966331	7.879671560783851	7.801983417892234	7.724695081773494	7.647818123524371	7.571364501762906	7.495346572593627	7.419777099657626	7.344669264283772	7.2700366757146755	7.195893381365017	7.122253877065946	7.049133117242232	6.976546524958173	6.904510001757142	6.833039937209969	6.7621532180787325	6.69186723699545	6.622199900549144	6.553169636670004	6.484795401195674	6.417096683501751	6.35009351107649	6.283806452918203	6.21825662163317	6.153465674111946	6.0894558106630425	6.026249772484896	5.96387083736003	5.902342813458979	5.841690031145474	5.781937332678177	5.723110059706959	5.6652340384624384	5.608335562535423	5.552441373136971	5.497578636719328	5.443774919822462	5.391058160990126	5.339456639573543	5.288998941209944	5.2397139197276745	5.191630655188916	5.144778407733989	5.0991865668354555	5.054884595501661	5.011901968883665	4.970268106632631	4.930012298226773	4.89116362034388	4.853750845212353	4.817802338757082	4.783345947308781	4.750408871722091	4.71901752799737	4.689197393938771	4.660972842000187	4.634366959283256	4.609401356614511	4.586095969446188	4.564468853626673	4.544535979240073	4.526311026913852	4.50980519344695	4.495027016455698	4.481982235426395	4.470673733499305	4.461101660255249	4.453263902115226	4.4471571046534	4.442778361594093	4.440125990970816	4.439173293979213	4.439002884641114	4.4389769901779506	4.43897479491482	4.438976992618409	4.439002903863708	4.439173411880334	4.44012642700399	4.4427787383249795	4.447156984724047	4.4532628176887314	4.461099106346157	4.470669161902347	4.481975052346471	4.495016584115001	4.509790835406792	4.526292036554079	4.5445116306574365	4.5644384141342496	4.586058712863151	4.609356576610031	4.634313982159151	4.660911038441416	4.689126189406521	4.71893641156965	4.75031740329192	4.783243763127419	4.817689155361728	4.853626461809859	4.891027919740902	4.929865246408553	4.970109751101354	5.011732435875316	5.054704086207952	5.098995352764111	5.144576825345404	5.1914190999491225	5.239492839716293	5.288768830417442	5.339218031015217	5.390811619755398	5.443521036168104	5.49731801930466	5.552174642488316	5.608063344816364	5.664956959615849	5.722828740024256	5.781652381840853	5.841402043773518	5.902052365190356	5.963578481475035	6.0259560370788865	6.08916119636109	6.153170652309529	6.217961633238475	6.283511907564119	6.349799786764339	6.416804126634366	6.484504326954695	6.552880329691365	6.621912615851284	6.691582201116881	6.761870630384568	6.83275997133071	6.904232807126792	6.976272228422397	7.048861824710252	7.12198567518231	7.195628339179066	7.26977484632677	7.344410686448547	7.419521799325975	7.495094564377272	7.571115790308387	7.647572704787129	7.724452944186961	7.801744543431126	7.879435925924389	7.9575158935480905	8.035973616871122	8.114798626004662	8.193980801961759	8.273510366158975	8.353377865658327	8.43357416334086	8.51409045761764	8.594918315568503	8.676049570407013	8.757475975123805	8.839189245932365	8.921182875244675	9.003454225314515	9.085997757103309	9.168785082493198	9.25177445898241	9.335029516523072	9.41882377311808	9.503135498701369	9.586432210327704	9.666888347948246	9.750481097808127	9.85447592466733	9.966248706580167	9.996825843898113
10.049525220278289	10.0193571055973	9.908262081569504	9.80451997875064	9.721179503917623	9.641081758357174	9.558166141872725	9.474218148277684	9.390783764180192	9.307897234691506	9.225284757067357	9.14287989158364	9.060723922395573	8.978845900807777	8.897251769214062	8.815944252360513	8.734929920840445	8.654217181992097	8.573814423232706	8.493729938655267	8.413972276974606	8.334550350561026	8.255473403154303	8.176750988494238	8.098392979046263	8.020409580322996	7.942811340985012	7.865609160938626	7.788814299874276	7.712438386438704	7.6364934276038845	7.5609918180601134	7.485946349649481	7.41137022085138	7.337277046289522	7.263680866214056	7.190596155909808	7.118037834976288	7.0460212764158445	6.974562315456346	6.9036772580258825	6.833382888789317	6.763696478650186	6.694635791616425	6.62621909092474	6.55846514431597	6.49139322835233	6.425023131666799	6.359375157034849	6.294470122159506	6.230329359061765	6.1669747119702985	6.10442853360659	6.042713679764398	5.981853502085286	5.921871838934791	5.86279300428569	5.804641774515668	5.747443373025185	5.691223452577162	5.636008075252375	5.581823689902687	5.528697106968281	5.476655470504609	5.4257262272402995	5.3759370924585	5.327316012461201	5.279891123337778	5.233690705713921	5.188743135102209	5.145076827407421	5.102720179054613	5.061701501104469	5.022048946601339	4.983790430274412	4.946953539599736	4.911565436157379	4.877652746223209	4.8452414396655925	4.814356696509199	4.785022760979978	4.757262783432953	4.731098651284174	4.706550810874419	4.683638082812007	4.662377473444689	4.642783985094653	4.6248704287844	4.608647245686694	4.594122346680761	4.581300987470663	4.570185723546234	4.560776544080707	4.553071348040562	4.547066960229558	4.54276079145182	4.540151574890611	4.539213541752649	4.539045677847011	4.5390201734816	4.539018011452902	4.539020175918232	4.539045697038549	4.539213659451871	4.540152012063417	4.542761183205821	4.547066883344889	4.5530703505237	4.56077413894852	4.570181382942946	4.581294140151456	4.59411237915219	4.608633506796336	4.624852237282555	4.642760639519922	4.66234826360353	4.683602302117041	4.7065077688619015	4.731047685730762	4.757203271616594	4.784954129759518	4.814278431016857	4.845153090506131	4.877553935149535	4.911455860245337	4.946832973978829	4.9836587294917285	5.021906044708339	5.061547410564726	5.102554988577646	5.14490069882029	5.188556299376486	5.2334934582703285	5.279683818753281	5.327099058703347	5.375710944769158	5.425491381785969	5.476412457903657	5.52844648579744	5.58156604027653	5.635743992560459	5.690953541454575	5.747168241623249	5.804362029130562	5.862509244393614	5.921584652673033	5.981563462208975	6.042421340098976	6.104134426006257	6.166679343782942	6.230033211091693	6.29417364711075	6.359078778410381	6.424727243092891	6.4910981932926015	6.558171296136715	6.625926733271624	6.694345199062515	6.763407897576416	6.833096538460262	6.903393331826004	6.97428098225426	7.045742682026267	7.117762103691121	7.190323392071264	7.263411155803943	7.3370104585101386	7.411106809675201	7.485686155317265	7.560734868510437	7.636239739821292	7.712187967712289	7.788567148963078	7.865365269144064	7.9425706931331	8.020172155659628	8.098158752046956	8.176519929587098	8.255245479356406	8.334325526036256	8.41375051351593	8.493511196048615	8.573598659444853	8.654004353375306	8.734719982971948	8.815737161406346	8.897047480642184	8.978644362177475	9.06052507266698	9.142683700290998	9.225091281296756	9.307706486864703	9.390595237440955	9.474030923096276	9.557981605123764	9.640906431759337	9.721013661611458	9.804328486101022	9.908000841592663	10.0191831450062	10.049525220278289
10.102750373643637	10.072821300574725	9.962322844667673	9.858905076678024	9.775843682729931	9.696097164957271	9.613556481929866	9.529972456900806	9.44689933787712	9.364381811904398	9.28214629237903	9.200123998089746	9.118355751851706	9.036871171636593	8.95567657254435	8.874774766412456	8.79417238101104	8.71387793431537	8.633899940745968	8.554246809357943	8.474927192457827	8.395950100733252	8.317324872023008	8.239061148520394	8.161168884519073	8.083658360391478	8.006540192397399	7.929825340346995	7.853525115635047	7.777651189897696	7.702215603850554	7.627230776117165	7.552709512054483	7.478665012583057	7.405110882987705	7.332061141638696	7.259530228582179	7.187533013945158	7.116084806092684	7.045201359466298	6.974898882024927	6.9051940422026865	6.836103975292494	6.767646289160106	6.699839069190317	6.6327008823654525	6.566250780375757	6.500508301661708	6.435493472289224	6.371226805560467	6.307729300264788	6.245022437476679	6.183128175809967	6.1220689450398575	6.061867638006463	6.002547600715044	5.94413262054852	5.886646912506751	5.830115103383759	5.77456221378814	5.720013637902795	5.666495120867647	5.614032733652918	5.562652845271036	5.512382092152189	5.4632473444819	5.415275669268101	5.368494289868785	5.322930541667302	5.278611823527979	5.235565544596957	5.193819065929893	5.153399636330023	5.1143343216726675	5.076649926888108	5.040372909693235	5.0055292851300885	4.9721445200205805	4.940243416619687	4.9098499850673925	4.88098730468819	4.853677374728572	4.8279409557441255	4.803797403505467	4.781264497738367	4.760358267956166	4.741092818506787	4.723480155995402	4.707530024835629	4.693249760136085	4.680644175549948	4.669715530377844	4.660463673854931	4.652886526570957	4.646981090273739	4.642745080054123	4.640177622476244	4.63925383157534	4.639088445829193	4.639063321152358	4.639061191466514	4.63906332358535	4.6390884649915884	4.639253949087613	4.640178060763268	4.642745486164921	4.646981054417622	4.652885611762756	4.660461410129466	4.669711409100959	4.680637646793678	4.693240233417681	4.70751687305868	4.723462722184869	4.741070424769551	4.760330226016456	4.781230120382439	4.803756016309944	4.827891908543855	4.853620052386562	4.880921136845138	4.9097744546572715	4.940158067031492	4.972048960860132	5.0054231965892155	5.040256045569312	5.076522116319072	5.114195469665985	5.153249723172538	5.1936581455718605	5.235393742109046	5.278429331735147	5.32273761706769	5.368291247948587	5.41506287932422	5.463025224063013	5.512151101225536	5.562413480217301	5.613785521185358	5.666240611964736	5.7197524018362325	5.774294832320542	5.829842165202687	5.886369007953903	5.943850336694834	6.00226151682411	6.061578321419847	6.121776947508949	6.182834030289742	6.244726655387626	6.307432369220498	6.3709291875502325	6.43519560229789	6.500210586702992	6.5659535989106175	6.632404584073834	6.6995439750626	6.7673526918737466	6.8358121398394	6.904904206733496	6.974611258877308	7.044916136345403	7.115802147372783	7.187253062062323	7.2592531054886935	7.331786950290894	7.404839708840552	7.478396925067114	7.552444566014146	7.626969013193245	7.701957053794944	7.777395871812607	7.853273039133335	7.9295765066329995	8.006294595268956	8.083415987163162	8.160929716864114	8.238825163226476	8.317092041660212	8.395720394242801	8.474700575666747	8.554023245379868	8.633679390219273	8.713660355694548	8.793957731547753	8.874563003658222	8.955467653060223	9.036665043728172	9.118152355499117	9.19992330583222	9.281948366159698	9.364186663154696	9.446706444013916	9.529780892394353	9.613367708908008	9.695917837237213	9.775673908956472	9.858708934660543	9.962055968706364	10.072644308357706	10.102750373643637
10.156497758926456	10.126808670436825	10.01691029701555	9.913819732622501	9.831039263169195	9.751646180876667	9.669483207602788	9.586265928669112	9.503556677037457	9.42141073477317	9.339554813750025	9.257917755195177	9.176539877161616	9.09545135268557	9.014658867680904	8.934165312635946	8.853977359350392	8.774103623391742	8.694552734060528	8.615333203189772	8.536453773998337	8.457923542483572	8.379751927438528	8.301948646275545	8.224523721790794	8.147487495813344	8.070850638744735	7.994624156803151	7.9188193995602365	7.843448068084894	7.768522223252575	7.694054294012208	7.620057085608891	7.546543787767099	7.473527982797332	7.401023653573071	7.32904519132491	7.257607403197104	7.186725519506023	7.116415200632867	7.046692543476347	6.977574087385352	6.909076819486815	6.841218179320319	6.774016062688669	6.707488824632599	6.641655281437837	6.576534711583723	6.5121468555442465	6.448511914354488	6.38565054685785	6.32358386555193	6.262333430953252	6.201921244403006	6.142369739237256	6.083701770245421	6.025940601339812	5.96910989135639	5.913233677902014	5.858336359156253	5.804442673525848	5.751577677037015	5.699766718335109	5.649035411142547	5.59940960400439	5.550915347125945	5.503578856077552	5.457426472106431	5.412484618752126	5.368779754408081	5.326338320405159	5.285186684112976	5.245351076464219	5.206857523213901	5.169731769163596	5.1339991945301025	5.099684722642931	5.06681271824449	5.035406875870231	5.005490098115804	4.977084364029591	4.950210588355034	4.924888472869265	4.901136351584953	4.878971031879514	4.85840763343399	4.839459426650249	4.8221376732384496	4.806451474368347	4.7924076355292575	4.780010565973896	4.769262257076097	4.76016243636979	4.752709053900105	4.7468992857816765	4.742731139173495	4.740204113569422	4.739294161623712	4.739131189401603	4.7391064344166365	4.739104336217624	4.739106436846418	4.739131208538348	4.739294278971452	4.740204552975808	4.742731559056317	4.746899289109997	4.752708217915546	4.760160307208423	4.769258344276151	4.780004339773815	4.792398527261469	4.806438879825432	4.822120958663184	4.8394379368515805	4.858380701449514	4.878937989582812	4.901096540663171	4.924841255661965	4.950155358136099	4.977020554415055	5.005417191379195	5.0353244100343435	5.066720292889562	5.099582003424457	5.133885916436403	5.1696077385669055	5.206722618783212	5.245205249016874	5.285029955487944	5.326170781445681	5.3686015621455905	5.41229599288715	5.457227690884945	5.503370251662828	5.550697300565736	5.599182539891528	5.648799792063624	5.699523039197386	5.751326459358268	5.804184459765843	5.858071707162239	5.912963155533916	5.9688340713505905	6.025660056463108	6.083417068783193	6.1420814408518964	6.201629896390361	6.262039564916428	6.323287994503358	6.38535316275245	6.4482134860492515	6.511847827172872	6.576235501329216	6.641356280681417	6.707190397453749	6.773718545688704	6.840921881740247	6.908782023589307	6.977281049070194	7.046401493098438	7.116126343991737	7.186439038975793	7.257323458965978	7.328763922713744	7.400745180403662	7.473252406783015	7.546271193901008	7.619787543529052	7.693787859327056	7.768258938815027	7.843187965207278	7.918562499165438	7.994370470508977	8.070600169878647	8.147240240353474	8.224279669226798	8.301707780381976	8.379514226959316	8.45768898173956	8.536222323427937	8.615104829787947	8.69432740167712	8.773881293127651	8.853757990702066	8.933948865153377	9.01444529967797	9.095240613923657	9.176331909422455	9.257712534877431	9.339352408420167	9.421211155240258	9.503359385092558	9.586069993793663	9.669290169667965	9.751462825831066	9.830865526318112	9.9136188971963	10.016637745281805	10.12662864026462	10.156497758926456
10.21076392422431	10.181315738527038	10.0720209285309	9.969260435738418	9.886762701243397	9.80772520441503	9.72594265676139	9.64309483508155	9.560751970331669	9.478980091692623	9.397506295081696	9.316257008928535	9.235272002052188	9.154581990324417	9.074194028777722	8.994111078517436	8.914339842560134	8.834889021383033	8.755767347531789	8.676983424033402	8.598546073006755	8.520464463463847	8.442748082760618	8.365406711084152	8.288450427228488	8.2118896219236	8.135735007126843	8.059997622863001	7.984688844269088	7.90982038922602	7.835404326139173	7.761453081644962	7.6879794482344606	7.614996591797225	7.542518059046523	7.4705577847703655	7.3991300988536155	7.328249733016619	7.257931827211756	7.1881919356138315	7.1190460321349205	7.050510515389643	6.982602213032898	6.915338385388941	6.848736728288793	6.782815375032237	6.717592897391026	6.653088305571204	6.589321047054406	6.5263110042402825	6.46407849081465	6.402644246770389	6.3420294320102	6.282255618461948	6.223344780637837	6.16531928456817	6.108201875038174	6.0520156610525095	5.996784099446068	5.942530976551496	5.889280387823467	5.837056715306842	5.785884602820675	5.735788928712389	5.686794776016141	5.638927399825701	5.592212191663896	5.54667464059616	5.502340290792744	5.45923469519086	5.417383364843393	5.3768117134656785	5.337544996610812	5.299608244826472	5.263026190087263	5.227823184775155	5.194023112518089	5.161649290316358	5.130724361609249	5.1012701802640095	5.073307685872739	5.046856771168017	5.0219361427938605	4.998563177065724	4.976753772525236	4.956522200820699	4.937880957187318	4.92084061283962	4.905409674414321	4.891594459637135	4.879399007388864	4.868825066551458	4.85987225922866	4.852538571665294	4.846821351529373	4.842718886371362	4.840231029377957	4.839334530351605	4.8391739095123265	4.839149514611963	4.83914744707729	4.839149517039052	4.839173928627406	4.839334647559139	4.840231469919821	4.842719319494224	4.846821392334796	4.85253781089317	4.859870258263826	4.868821352128144	4.879393068837419	4.891585748981203	4.905397609227238	4.920824581563226	4.937860326477385	4.956496324403432	4.976722001021664	4.998524868257203	5.021890671853905	5.0468035404623794	5.073246134018033	5.101199790224107	5.130644667689631	5.161559883984365	5.193923647029576	5.227713378625659	5.262905829330731	5.299477184320185	5.337403160254438	5.376659093508247	5.417220020336197	5.459060749667859	5.502155929263316	5.546480105937731	5.592007780503887	5.638713458002865	5.686571693710703	5.735557135332395	5.785644561728722	5.836808918467251	5.889025350445139	5.942269231796272	5.99651619326672	6.051742147218317	6.107923310399576	6.165036224605096	6.223057775329087	6.2819652085055475	6.34173614541702	6.402348595845746	6.463780969535352	6.526012086027718	6.58902118293818	6.652787922732409	6.717292398069754	6.782515135780208	6.848437099545094	6.915039691354513	6.982304751817593	7.050214559404239	7.11875182869919	7.187899707750812	7.257641774597669	7.32796203305562	7.398844907846968	7.470275239150844	7.5422382766510765	7.6147196731539815	7.687705477844092	7.761182129240526	7.835136447912517	7.909555629011913	7.984427234680072	8.05973918636844	8.135479757069158	8.211637563463517	8.28820155820992	8.36516102281087	8.44250556068604	8.52022508781178	8.598309819339827	8.67675026374003	8.755537248201584	8.834661947329352	8.914115756148416	8.9938899419877	9.073975802947537	9.154366627209662	9.235059446090304	9.316047241271642	9.397299389675423	9.478776059027473	9.56055025658817	9.642894505696017	9.725745331737082	9.807537801601258	9.886584974521883	9.969054867137695	10.071742665715888	10.181132666597536	10.21076392422431
10.265545478503359	10.236339075291994	10.127651246000518	10.02522368075621	9.943010447867806	9.864330611600789	9.782931126150173	9.700455389276058	9.618481331986187	9.537085880865616	9.455996604766474	9.375137485327175	9.29454769684914	9.214258485286216	9.134277273380787	9.054607085328286	8.975254642972606	8.896228719449203	8.817538139457195	8.739191586279397	8.661197949625654	8.583566459965336	8.506306661592316	8.429428385814452	8.352941755726723	8.27685719922489	8.201185458068386	8.12593759433144	8.051124996962304	7.976759388904603	7.90285283434987	7.829417745885364	7.756466891522597	7.6840134016097545	7.612070775588928	7.540652888540969	7.4697739974621165	7.399448747218116	7.329692176119197	7.260519721055255	7.191947222126785	7.12399092670352	7.056667492839655	6.989993991972	6.923987910825838	6.858667152452673	6.7940500363245215	6.730155297410781	6.667002084165677	6.60460995535665	6.542998875666365	6.482189210003015	6.422201716455228	6.3630575378288246	6.30477819170266	6.247385558939598	6.190901870585633	6.135349693085441	6.080751911735832	6.0271317122898305	5.974512560613485	5.922918180284931	5.872372528010574	5.822899766716592	5.774524236154491	5.727270420836635	5.681162915089889	5.636226384981367	5.592485526827778	5.549965021947798	5.508689487255522	5.468683421224323	5.4299711446806995	5.392576735826937	5.356523958855043	5.321836185519378	5.288536309100238	5.256646650332156	5.226188855103391	5.1971837840526085	5.1696513945572855	5.143610615970516	5.1190792192980545	5.096073682795758	5.07460905503692	5.0546988166588	5.036354741725473	5.019586760720791	5.00440283014276	4.99080881797289	4.978808423529791	4.968403176135532	4.959592607001707	4.952374744367265	4.94674710445243	4.942708244035657	4.940258351882504	4.939374936000807	4.939216606770846	4.939192562716985	4.939190525055893	4.93919256514186	4.939216625867936	4.939375053090497	4.94025879357328	4.9427086898982076	4.946747181136331	4.952374055433518	4.959590728291755	4.968399650670472	4.97880275872716	4.990800485489688	5.004391268280277	5.019571379139161	5.036334928086809	5.054673944740584	5.074578493825716	5.09603680607902	5.119035415312291	5.143559296728308	5.169592004552654	5.197115808123824	5.226111825306886	5.25656015174534	5.288439984522315	5.321729739077048	5.356407158545993	5.3924494150506375	5.42983320281605	5.468534823319769	5.508530262901218	5.54979526340255	5.592305386476263	5.636036072199709	5.6809626925996515	5.727060600628509	5.774305175063099	5.822671861726846	5.872136211373919	5.922673914520732	5.9742608334669525	6.026873031713363	6.080486800955636	6.135078685809852	6.190625506405747	6.247104378966623	6.304492734479933	6.362768335549805	6.421909291511998	6.48189407188312	6.542701518209387	6.604310854375778	6.666701695433951	6.729854055006627	6.793748351326774	6.858365411971382	6.923686477351833	6.989693203025227	7.0563676608938195	7.123692339362246	7.191650142524597	7.2602243884550965	7.329398806677135	7.399157534885429	7.469485114995443	7.540366488592548	7.611786991851261	7.683732349992152	7.756188671340579	7.829142441047346	7.9025805145284505	7.9764901106816355	8.050858804937489	8.125674522183976	8.200925529560568	8.276600429136394	8.352688150709078	8.429177945159546	8.506059377921538	8.583322319864896	8.660956934252047	8.738953671910254	8.817303297964033	8.895996918966862	8.975025849425641	9.0543812644159	9.134054389249826	9.214038493062825	9.294330544507359	9.374923159651283	9.455785186769022	9.536877380906596	9.618275180527167	9.700250648562154	9.782729498592037	9.864139146456676	9.942828709310641	10.025013343454024	10.12736724120557	10.236152960235088	10.265545478503359
10.320839036331835	10.291875240431342	10.183797710483567	10.081705906141742	9.999778891898751	9.921458704058471	9.840444822665242	9.758343700242923	9.676740759316164	9.595723971627239	9.515021471052693	9.434554759942614	9.354362372187312	9.2744760706431	9.194903644711417	9.115648174723825	9.036716389433419	8.958117122841882	8.879859281269423	8.801951617971234	8.724403079645006	8.647222947394068	8.570420811581148	8.494006543753502	8.417990300392377	8.342382535611062	8.267194010007401	8.192435796742544	8.118119287623509	8.044256199718783	7.970858582086252	7.8979388223661555	7.825509653220297	7.753584158622509	7.682175779962541	7.611298321905833	7.540965957952779	7.471193235643724	7.40199508135493	7.333386804628125	7.265384101973628	7.198003060084706	7.131260158398591	7.065172270937835	6.999756667364468	6.935031013178971	6.87101336899623	6.807722188831727	6.745176317333007	6.683394985893751	6.622397807590372	6.562204770882737	6.502836232021596	6.444312906105114	6.386655856725992	6.329886484148735	6.27402651195338	6.219097972076901	6.165123188176508	6.112124757230051	6.060125529278027	6.009148585199477	5.959217212399924	5.9103548782735675	5.862585201283119	5.815931919478264	5.770418856246237	5.726069883054031	5.682908878899972	5.640959686142346	5.600246062315723	5.5607916274847975	5.522619806628121	5.4857537665005385	5.450216346407907	5.416029982356058	5.383216624122254	5.3517976449537255	5.321793743831825	5.293224840542556	5.266109964122982	5.2404671355525725	5.216313245810409	5.193663930613316	5.172533443137228	5.152934525641856	5.134878280653995	5.118374043496359	5.103429261040555	5.090049386112806	5.078237806414524	5.067995852421238	5.05932297746126	5.052217256733193	5.0466763718633825	5.04269913818246	5.040286062962367	5.039415375812966	5.0392592806743375	5.0392355785806195	5.0392335700325885	5.03923558100367	5.0392592997564885	5.03941549280357	5.04028650580599	5.0426995963027155	5.046676482914343	5.05221663646823	5.059321215442545	5.067992507110049	5.078232402375862	5.090041413641501	5.103418178166672	5.118359280156352	5.134859244694501	5.152910610248804	5.172504035248735	5.193628419875522	5.216271033666156	5.240417644106246	5.2660526444915305	5.29315918047359	5.32171927443798	5.351713946472668	5.383123330661272	5.415926785617762	5.450102998420301	5.485630081392307	5.522485661500865	5.560646962440458	5.600090879701429	5.640794049077837	5.682732909155212	5.725883758346916	5.7702228070323	5.815726225305753	5.862370186787506	5.910130908885286	5.958984689837886	6.00890794282068	6.059877227350526	6.111869278192819	6.164861031945349	6.2188296514507995	6.273752548170535	6.329607402635971	6.386372183079556	6.444025162335014	6.50254493308568	6.561910421530913	6.62210089953363	6.683095995307234	6.74487570269726	6.807420389111502	6.870710802151832	6.934728075001124	6.999453730619984	7.064869684810065	7.130958248203481	7.197702127240493	7.265084424199887	7.333088636347851	7.401698654272212	7.470898759469061	7.540673621248652	7.611008293026534	7.681888208064523	7.75329917472422	7.825227371293311	7.897659340441851	7.970581983363896	8.043982553661532	8.117848651028499	8.19216821477081	8.266929517159413	8.342121156635155	8.417732051116664	8.493751431839232	8.570168837211241	8.646974103930878	8.724157354287597	8.801708992389116	8.879619732191973	8.957880622889686	9.036482908846645	9.115417683493563	9.194676111184785	9.274251453926619	9.354140624647174	9.434335874803187	9.514805536961934	9.595510998847953	9.676530162336999	9.75813453887413	9.840238883887517	9.921263167807469	9.999593124220933	10.081490768732897	10.183507937120687	10.291686083187727	10.320839036331835
10.37664116295728	10.347920735794041	10.240456695337318	10.138703437079984	10.05706429463248	9.979105645130375	9.89847980295443	9.816755714048657	9.735526074684772	9.654890047572298	9.574576427026996	9.494504205120043	9.414711228838117	9.335229764379857	9.25606796717952	9.17722896737354	9.09871948919166	9.020548416156462	8.942724726211338	8.865257232925316	8.788154930052917	8.71142713920424	8.635083486657116	8.559133874046596	8.483588481062212	8.408457777824202	8.333752533541878	8.259483822237723	8.185663028365232	8.112301852927109	8.039412319686084	7.96700678121066	7.895097924733931	7.8236987778339255	7.7528227139006045	7.682483457333011	7.612695088410491	7.543472047785168	7.474829140542732	7.406781539777012	7.339344789622201	7.272534807685438	7.206367886821283	7.140860696188662	7.076030281530143	7.011894064613084	6.948469841772269	6.885775781494094	6.823830420983345	6.762652661655316	6.702261763498312	6.642677338253809	6.58391934136272	6.526008062625486	6.468964115521374	6.4128084251290645	6.357562214586512	6.3032469900231165	6.249884523890621	6.197496836610605	6.146106176446017	6.095734997492252	6.046405935669504	5.998141782582569	5.950965457095743	5.9048999744482895	5.8599684127086205	5.816193876331789	5.77359945654413	5.732208188231796	5.692043002957982	5.653126677681948	5.615481778708261	5.579130600368053	5.544095097938169	5.51039681435213	5.478056800359231	5.447095527952444	5.41753279711429	5.389387636209247	5.362678196637908	5.337421642607391	5.31363403704942	5.29133022483145	5.27052371432998	5.251226558030263	5.233449232577375	5.2172005199014695	5.202487394264739	5.189314924854911	5.177686213147402	5.167602409514684	5.159062901059789	5.152065814183823	5.1466089926661525	5.142691500178446	5.140314146392612	5.1394558480795345	5.139301931661635	5.139278562977155	5.139276582810591	5.13927856539869	5.139301950731276	5.139455964985846	5.140314590380196	5.142691970083199	5.1466091366411275	5.152065259591174	5.159061250499059	5.167599236099248	5.177681057711532	5.189307295395628	5.202476767594488	5.2171863453311005	5.2334309373384444	5.251203554074767	5.270495406109796	5.291296017654997	5.313593345635588	5.337373899500853	5.36262286020725	5.389324198012376	5.417460788477494	5.44701452566576	5.477966431438088	5.510296759852327	5.543985095838386	5.579010447552512	5.615351332093992	5.652985854542187	5.691891780497518	5.732046602472937	5.773427600584192	5.816011898035032	5.859776511897421	5.904698399659828	5.9507545019715025	5.997921781958103	6.046177261431317	6.095498054267085	6.145861397185491	6.197244678131091	6.2496254624245475	6.302981516833744	6.357290831693726	6.412531641188868	6.468682441896804	6.5257220096815605	6.583629415012897	6.642384036780314	6.70196557466374	6.762354060117983	6.82352986602416	6.885473715058254	6.948166686824739	7.011590223802808	7.075726136154039	7.1405566054427805	7.206064187323081	7.272231813248014	7.339042791258709	7.406480805911476	7.4745299174022595	7.543174559948162	7.61239953948604	7.682190030747882	7.7525315737722105	7.823410069909645	7.89481177737904	7.966723306428349	8.039131614153465	8.112023999030727	8.18538809521893	8.259211866665664	8.333483601011013	8.40819190331409	8.483325689866213	8.558874182508477	8.634826902864909	8.711173663683452	8.78790455649328	8.865009948915697	8.942480513960112	9.02030725349031	9.09848135147671	9.176993829762061	9.25583580309527	9.33500053774469	9.414484897187583	9.49428076880635	9.574355982744008	9.65467260534097	9.735311032614474	9.816542130180691	9.898269550911152	9.978906034601538	10.056874485070987	10.138483472219043	10.240161131136567	10.347728539576929	10.37664116295728
10.432948421911382	10.404472078379685	10.297624591491724	10.196212565725968	10.114862839799372	10.037267497712064	9.957032008646173	9.87568724591024	9.794832952068624	9.714579626993459	9.634656825497864	9.554981000024561	9.475589263348802	9.396514370972692	9.317764844206001	9.239343857347528	9.161258119175372	9.08351655180879	9.006128195305934	8.929101914465429	8.85244674078572	8.776172026895464	8.70028742548994	8.62480285881043	8.549728520253556	8.475074886412829	8.40085272555612	8.32707310301331	8.253747386344005	8.180887250970772	8.108504685885025	8.03661199915798	7.9652218232322305	7.894347120007229	7.824001185688379	7.754197655345866	7.684950507128442	7.61627406608078	7.548183007513225	7.480692359871829	7.413817507056086	7.347574190131603	7.2819785083847695	7.2170469196657185	7.152796239965384	7.089243642172623	7.026406653958669	6.9643031547375625	6.902951371651492	6.842369874528826	6.782577569761614	6.723593693050444	6.665437800967364	6.608129761289803	6.551689742057149	6.496138199296804	6.441495863359808	6.387783723799477	6.335023012720111	6.283235186515472	6.23244190590754	6.1826650141846935	6.1339265135250285	6.086248539274888	6.039653332034158	5.994163207377586	5.949800523014301	5.906587643154869	5.864546899816563	5.823700550753778	5.78407073365491	5.745679416204579	5.708548341578383	5.672698968926504	5.638152408423822	5.604929350528089	5.573049989201273	5.542533939015672	5.513400146284164	5.48566679460668	5.4593512054691775	5.434469734714047	5.411037665811558	5.389069100909119	5.368576850511332	5.349572322232705	5.332065408864317	5.316064377267821	5.301575762963486	5.288604280263006	5.277152767527175	5.267222212017286	5.258811945074296	5.251920147914841	5.246544823144393	5.2426852730095845	5.240342594374223	5.239496358717547	5.239344567683771	5.23932152417401	5.23931957168457	5.239321526594277	5.239344586742725	5.239496475549813	5.2403430394798045	5.242685754223658	5.246544998649025	5.2519196561397505	5.258810401022466	5.267219202721535	5.277147849271605	5.2885969778691	5.30156557113169	5.316050763822319	5.332047819646864	5.34955018732401	5.368549591421952	5.389036138372716	5.410998427829191	5.434423664533988	5.459297769235933	5.485605488468371	5.513330502803519	5.542455532781948	5.5729624415854	5.604832333559541	5.638045647794967	5.672582246149407	5.708421495331656	5.745542342915726	5.783923387368289	5.823542942337253	5.864379095561996	5.906409762829384	5.949612737420862	5.993965735484845	6.039446437736575	6.086032527844613	6.133701727816778	6.182431830653938	6.232200730500518	6.282986450487134	6.334767168433065	6.387521240553467	6.4412272232974	6.495863893426774	6.551410266432792	6.607845613374949	6.665149476218455	6.723301681738561	6.78228235405389	6.842071925844201	6.90265114830145	6.96400109985824	7.026103193736647	7.088939184362661	7.1524911726943765	7.216741610513281	7.2816733037272705	7.347269414733275	7.413513463888226	7.480389330139194	7.5478812508655935	7.615973820987294	7.684651991392776	7.753901066741256	7.8237067026927924	7.894054902620166	7.9649320138553135	8.03632472352159	8.108220054002658	8.1806053581018	8.253468313945238	8.326796919660616	8.400579487820952	8.474804639684475	8.549461299506474	8.624538689328036	8.7000263235747	8.775914000613461	8.85219179078014	8.92885003480644	9.005879374347439	9.083270773347934	9.161015364542934	9.239104107724708	9.317528078927388	9.396280559524042	9.47535836908612	9.554753030957846	9.634431886595177	9.714357727701424	9.794613473566455	9.875469245079717	9.956817447792101	10.03706381522219	10.114668980040042	10.195987750124827	10.29732321865244	10.40427684885452	10.432948421911382
10.489757603040529	10.46152603933755	10.355298082654652	10.254229852301338	10.173170926022985	10.095940496422456	10.016097526317177	9.935134235235092	9.854657167706867	9.774788306892287	9.6952580748324	9.615980357891209	9.53699148664594	9.458324691185142	9.379988858945076	9.301987203509881	9.224326407864059	9.147015422251801	9.070063339821186	8.993479068070743	8.917271667524055	8.841450512951932	8.766025274595783	8.691005886460882	8.61640254679581	8.5422257297796	8.468486193827523	8.395194986659616	8.322363450034604	8.250003224914073	8.178126256680244	8.106744800129658	8.0358714242157	7.965519016558734	7.895700787699885	7.826430275048297	7.757721346469503	7.689588203465149	7.622045383894859	7.555107764190727	7.488790561015452	7.423109332315715	7.3580799777221015	7.293718738246146	7.23004219522465	7.167067268462439	7.1048112135273	7.043291618154176	6.982526397717426	6.922533789727645	6.863332347303962	6.804940931567556	6.747378702902124	6.690665111032163	6.6348198838747	6.579863015119415	6.52581475048443	6.472695572584606	6.4205261843396695	6.369327490841842	6.319120579594879	6.269926699026523	6.2217672351639495	6.1746636863464595	6.128637635831164	6.083710722124547	6.039904606845533	5.997240939893722	5.955741321660557	5.91542726198244	5.8763201354963766	5.838441133025804	5.801811208604626	5.766451021750524	5.732380874634395	5.699620643869063	5.668189706760823	5.638106862031574	5.60939024522224	5.582057239212065	5.55612438049063	5.531607261950182	5.508520433018944	5.486877297948764	5.466690012913047	5.44796938216665	5.4307247533677545	5.414963913512193	5.400692990406738	5.387916369777952	5.376636647945555	5.366854664491636	5.358569704399694	5.351780006764879	5.346483729644951	5.342680404524337	5.340371401104063	5.339536914977339	5.339387197938066	5.339364471666464	5.3393625461749314	5.33936447408562	5.33938721698732	5.339537031739611	5.34037184727737	5.3426808965572485	5.346483935313076	5.351779575064642	5.358568262150348	5.366851811965263	5.376631956112514	5.3879093794620365	5.400683213352625	5.414950835237095	5.430707837575264	5.447948076437168	5.466663755348589	5.486845524437532	5.508482584795199	5.531562793153837	5.556072765472769	5.581997979381347	5.609322875277587	5.63803095547456	5.668104880623564	5.699526562628573	5.732277253311459	5.76633762821094	5.801687865094065	5.8383077169781075	5.876176579660321	5.915273553915105	5.955577502637443	5.997067103287325	6.039720896025422	6.083517327933184	6.1284347936906975	6.174451673052317	6.221546365421167	6.2696973217841805	6.318883074232791	6.36908226326183	6.4202736630112645	6.472436204592177	6.5255489976194525	6.579591350058134	6.63454278647771	6.690383064798653	6.747092191607637	6.804650436110076	6.863038342779129	6.922236742749891	6.982226763999955	7.042989840356762	7.104507719376931	7.166762469147694	7.229736484060613	7.293412489602915	7.357773546206435	7.4228030521924016	7.4884847458524995	7.554802706710671	7.621741356013406	7.689285456497968	7.757420111488167	7.826130763366757	7.895403191473406	7.965223509477299	8.03557816227351	8.106453922451482	8.177837886384177	8.249717469989372	8.322080404213699	8.394914730266128	8.468208794587628	8.541951243592584	8.616131018469835	8.690737350432851	8.765759755671667	8.841188027118687	8.917012222863267	8.993222665729164	9.06980997499784	9.146765085497737	9.224079087304704	9.301742887175346	9.379747532822662	9.458086330939722	9.53675606194207	9.615747884744964	9.69502866652062	9.774561971770714	9.854433269363998	9.93491183002535	10.01587866732499	10.095732749543943	10.172973011917808	10.254000166428607	10.354990887868855	10.46132778493509	10.489757603040529
10.547065828051739	10.51907965921931	10.413474081592298	10.312752210965538	10.231985371712618	10.155121276588156	10.075672812962809	9.995092982167034	9.914994859338236	9.835512044387931	9.756375937944545	9.677497839298347	9.598913249816679	9.520655858931296	9.442734920628308	9.365153683621612	9.287918795457452	9.211039224600116	9.13452410881434	9.05838239036281	8.982623150701956	8.907255778512793	8.832289953371706	8.757735612880333	8.683602951967961	8.609902434197858	8.536644799905593	8.463841070963426	8.39150255509666	8.319640850596667	8.248267851071049	8.177395749942253	8.107037044664123	8.03720454068105	7.967911355112648	7.899170920118376	7.830996985892586	7.763403623242586	7.696405225703333	7.630016511142666	7.564252522811433	7.499128629792718	7.4346605268044135	7.3708642333115035	7.307756091907941	7.2453527659283345	7.183671236244702	7.122728797197686	7.062543051614173	7.003131904875338	6.94451355800907	6.886706499775584	6.829729497696974	6.77360158796686	6.718342064177342	6.663970464812134	6.610506559461942	6.557970333712493	6.506381972641012	6.455761842842664	6.406130472898007	6.3575085321837905	6.309916807918819	6.263376180322515	6.217907595745995	6.173532037613093	6.130270494981413	6.088143928501877	6.047173233521703	6.007379200042528	5.968782469215455	5.931403486032273	5.89526244786391	5.860379248512035	5.826773417486352	5.794464054304724	5.763469757736484	5.73380855006802	5.705497796655591	5.678554121224889	5.652993317538765	5.628830258138133	5.606078800864789	5.584751693824156	5.564860479266848	5.546415396481057	5.529425283692202	5.513897480396874	5.499837735149505	5.487250129156306	5.476137035939882	5.466499161438644	5.458335752739546	5.451645109394851	5.446425541511411	5.442676800880333	5.440400516508532	5.439577479348222	5.439429786858284	5.439407370189883	5.439405471042326	5.439407372607948	5.439429805897526	5.439577596035919	5.44040096366666	5.442677303213729	5.446425775988082	5.451644735115698	5.458334407796898	5.466496458712795	5.476132560376324	5.487243436811442	5.4998283540168265	5.513884912906064	5.529409010687299	5.54639488242392	5.564835178375975	5.58472105684408	5.60604228216671	5.628787322875394	5.65294344861605	5.678496825882668	5.705432612516545	5.733735050536212	5.763387556679854	5.7943728099852985	5.826672835729347	5.86026908512513	5.8951425103320725	5.931273634522731	5.968642616933193	6.007229312979957	6.04701332964825	6.087974076440517	6.130090812220282	6.17334268830127	6.217708788123412	6.263168163834632	6.30969987006694	6.357282995161706	6.405896690064841	6.45552019508051	6.506132864644056	6.557714190252112	6.610243821669557	6.663701586518715	6.718067508345314	6.773321823246736	6.829444995137571	6.886417729712996	6.944220987156112	7.002835993629878	7.062244251601269	7.122427549056615	7.18336796766771	7.24504788995362	7.307450005465549	7.37055731601752	7.434353139995991	7.498821115793799	7.563945204416639	7.629709691305006	7.696099187410149	7.763098629563631	7.830693280183917	7.898868726365482	7.967610878395819	8.036905967745103	8.106740544573203	8.177101474799011	8.247975936778197	8.31935141763877	8.391215709321754	8.463556904348719	8.536363391299298	8.609623850039307	8.683327246999108	8.757462830873955	8.8320201279166	8.906988933906009	8.982359302968833	9.05812154834321	9.13426627526107	9.210784397585238	9.287666970678051	9.364904856680594	9.442489084769726	9.520412996445195	9.598673336978415	9.677260900285999	9.75614209418856	9.835281302487687	9.91476656460443	9.994866191179465	10.075449671749277	10.154909477114096	10.231783402153956	10.31251763809184	10.413161055515268	10.518878390946885	10.547065828051739
10.6048696798136	10.577129180571712	10.472148375320238	10.37177568744686	10.291302424883146	10.214806012163075	10.135753882876928	10.055559376869065	9.975841815125657	9.89674651405772	9.818005956892513	9.739528840328987	9.661349793286295	9.583502949940243	9.505997931276937	9.42883801737802	9.352029811294415	9.275582290391133	9.199504629146473	9.123805797232288	9.048494889545227	8.973581301066599	8.899074713144474	8.824985059482593	8.751322524213636	8.67809755279224	8.605320859964941	8.533003434241827	8.461156541809695	8.389791730811936	8.318920835653453	8.248555981029714	8.178709585644505	8.10939436564587	8.040623337769839	7.972409822150817	7.90476744475292	7.837710139379311	7.771252149217584	7.705408027877971	7.640192639879325	7.5756211605382875	7.511709075221988	7.448472177934288	7.3859265692129075	7.324088653309834	7.262975134605211	7.202603013177933	7.142989579450674	7.084152407858721	7.026109349542335	6.968878524088633	6.912478310324597	6.856927336107355	6.8022444670169095	6.748448793857676	6.6955596189042605	6.643596440850022	6.592578938414365	6.5425269525448995	6.493460467130851	6.445399588131223	6.398364521009612	6.352375546352435	6.307452993529631	6.263617212238389	6.2208885417483675	6.179287277638048	6.138833635778068	6.099547713285084	6.061449446145834	6.024558563200144	5.9888945361777886	5.954476525511899	5.921323321706814	5.889453282125312	5.858884263180177	5.829633548063924	5.801717770318922	5.7751528337170965	5.749953829043652	5.726134948420813	5.703709397769056	5.682689307918526	5.663085644692472	5.644908117923282	5.628165089327136	5.612863480674118	5.599008687388833	5.586604508199877	5.575653111417702	5.566155082107798	5.558109637069594	5.551515138460472	5.54637004501798	5.542674320273481	5.540429839720694	5.539617962660595	5.539472247155661	5.539450132777442	5.539448259349832	5.539450135194201	5.539472266182813	5.5396180792586325	5.540430287743445	5.542674832355637	5.546370306952433	5.551514819026486	5.558108385129764	5.566152522564541	5.575648842528648	5.5865981005329415	5.59899968443625	5.612851401035624	5.62814943029292	5.644888360231248	5.663061258198839	5.682659757904224	5.703674151605966	5.726093482339749	5.749905634775612	5.775097424816465	5.801654688017685	5.829562366546186	5.858804594203557	5.889364778947991	5.921225682305376	5.954369495095268	5.988777909017175	6.024432183804772	6.061313209820417	6.099401566108604	6.138677574045493	6.179121346807805	6.2207128349392375	6.263431868320356	6.307258194853919	6.352171516166606	6.398151520603937	6.445177913762525	6.4932304467696085	6.542288942490636	6.592333319823033	6.64334361621541	6.695300008533323	6.748182832377187	6.801972599946049	6.85665001652775	6.912195995676273	6.968591673117408	7.025818419421514	7.083857851504817	7.142691843049233	7.20230253393114	7.262672338708846	7.323783954163578	7.385620365865069	7.448164853759112	7.511400996824861	7.575312676881592	7.63988408161951	7.705099706902831	7.7709443583714615	7.837403152362898	7.904461516183593	7.972105187768395	8.040320214771453	8.109092953131762	8.178410065154635	8.248258517149338	8.318625576665138	8.389498809372549	8.4608660756343	8.532715526783191	8.605035601086739	8.677815019445069	8.75104278113329	8.824708159940077	8.898800699788449	8.973310206902706	9.0482267390591	9.123540607574338	9.199242411309852	9.275323050679864	9.351773553657317	9.428584745577094	9.505747646246933	9.583255640853599	9.661105443137505	9.739287481428025	9.817767718518308	9.896511400333521	9.975609152479691	10.055328222965223	10.135526478720186	10.214590174064625	10.291096400198285	10.371536212995666	10.4718295117589	10.576924910460635	10.6048696798136
10.663163220628235	10.635668143003013	10.531313620836032	10.431293044564976	10.351115218890143	10.27498797925347	10.196333971192953	10.116526590598813	10.037191170285041	9.958484825854038	9.880141208526293	9.802066392534273	9.72429409329905	9.64685887736801	9.569770734034504	9.493032971101655	9.416652138097934	9.340637212148016	9.264997396829854	9.189741682182468	9.114879169357526	9.040419252346657	8.966371607060845	8.892746156207098	8.819553066076784	8.746802756987565	8.674505911080043	8.60267347650488	8.531316670944689	8.460446985477537	8.390076188459386	8.320216329110893	8.250879740765384	8.182079043810232	8.113827148316478	8.046137256320732	7.9790228637203064	7.91249776174608	7.846576037975533	7.781272076842264	7.716600559597926	7.652576463693721	7.589215061562184	7.526531918777095	7.464542891546927	7.403264123480441	7.342712041577334	7.282903351425855	7.223855031584481	7.165584327075669	7.108108741889825	7.05144603044764	6.995614188060486	6.9406314404580325	6.886516232381042	6.833287215137257	6.780963232981213	6.72956330821458	6.679106624954006	6.6296125115282205	6.581100421446448	6.533589912852597	6.487100626358585	6.441652261131856	6.397264549092417	6.353957227057359	6.311750006656788	6.2706625418269	6.230714393656588	6.191924992328758	6.154313595871668	6.117899245431622	6.082700716799572	6.048736467968555	6.016024582565165	5.98458270908642	5.954427995984677	5.9255770227753795	5.898045727489251	5.8718493309315205	5.8470022583054	5.823518058763922	5.8014093233811534	5.780687601922324	5.761363318597252	5.743445686651993	5.7269426216830865	5.711860655148416	5.69820485334515	5.6859787527375225	5.675184332509228	5.665822068480933	5.65789115400639	5.651390015619604	5.646317257287433	5.642673046063279	5.640459491594745	5.639658495568226	5.6395147107965045	5.639492891628497	5.639491043322062	5.639492894043474	5.639514729807561	5.639658612051231	5.640459940328276	5.642673567316178	5.6463175453407155	5.651389748536603	5.6578899909524925	5.665819645834176	5.675180261219295	5.685972617206623	5.698196211855927	5.7118490417642205	5.726927549472667	5.743426652038224	5.761339806594912	5.780659092012152	5.801375295765914	5.823478000765709	5.846955670688223	5.871795733965392	5.8979846666080515	5.9255080737174275	5.954350769339565	5.984496854202376	6.015929790796752	6.048632475264693	6.082587305646747	6.117776246177437	6.154180887460441	6.191782502484842	6.23056209855316	6.2705004652792935	6.311578218880128	6.353775843028952	6.397073726559824	6.4414521983081	6.486891559346317	6.533372112839353	6.580874191713154	6.629378184312685	6.678864558210265	6.7293138823075935	6.78070684735478	6.833024284990813	6.886247185388486	6.9403567135591855	6.995334224353697	7.051161276210175	7.107819643749821	7.1652913293550835	7.223558573827209	7.282603866121391	7.342409952088764	7.402959842185039	7.4642368181954435	7.526224439073145	7.588906545958061	7.6522672663958415	7.716291017774222	7.780962510023746	7.8462667476434245	7.912189031094227	7.978714957580597	8.045830421237408	8.11352161275322	8.18177501847151	8.250577419011474	8.319915887444457	8.3897777870618	8.46015076877577	8.531022768194806	8.602382002386683	8.674216966307753	8.746516428952075	8.819269429543432	8.892465274099491	8.966093531367763	9.040144025186585	9.114606824189993	9.189472245062136	9.264730887621392	9.340373646004478	9.416391527767104	9.492775328925925	9.56951606888793	9.646607185369747	9.724045364086233	9.80182066637339	9.879898622187486	9.958245380334079	10.03695417261208	10.11629110024994	10.196102325852443	10.274768118104292	10.350905141776389	10.431048658435786	10.530988917508454	10.635460882274918	10.663163220628235
10.721938386578065	10.694688776790256	10.59096189432057	10.491295134720453	10.411413970695873	10.335657405531549	10.257403359426343	10.177984785109583	10.099032889595891	10.020716768829727	9.942771340221803	9.865100014742245	9.787735541331456	9.710712906950805	9.63404247368008	9.557727574546078	9.481774696131323	9.40619280564709	9.330991127940564	9.256178666305193	9.181764520866553	9.107758077201735	9.03416899844728	8.961007189118593	8.88828279055933	8.816006190889878	8.744188032623217	8.672839216574406	8.601970905001647	8.531594525068735	8.461721772327286	8.392364613888386	8.32353529122915	8.255246322666562	8.187510505499203	8.120340917789656	8.053750919758107	7.987754154758255	7.922364549800271	7.857596315582219	7.793463946005614	7.729982217174741	7.667166185872428	7.605031187432914	7.543592832837526	7.482867004863658	7.42286985329621	7.363617789444849	7.3051274802468775	7.247415841962648	7.190500033107013	7.134397446164376	7.079125697904596	7.024702618478262	6.97114623959027	6.918474781878331	6.8667066413760365	6.815860374836464	6.765954683754784	6.717008397026775	6.669040452205894	6.622069875285738	6.576115758905087	6.531197238870426	6.4873334688804825	6.444543593298344	6.402846717773474	6.362261877497363	6.322808002877124	6.284503882407677	6.247368122508111	6.211419104076024	6.176674935522888	6.1431534020949226	6.110871911360567	6.079847434850408	6.050096445953061	6.021634854288093	5.994477936891767	5.968640266656287	5.944135638527273	5.920976993946047	5.899176343927136	5.878744691032264	5.859691950308221	5.842026868961509	5.825756944637099	5.81088834383458	5.797425825880986	5.7853726836041846	5.774730721853929	5.765500317855109	5.757680647703074	5.751270203760909	5.746267731870574	5.742673594830251	5.740490124736621	5.739699740063577	5.739557840488568	5.739536309422062	5.739534485626872	5.739536311834545	5.739557859477977	5.739699856398946	5.740490574007326	5.742674124670837	5.746268044738553	5.7512699866350285	5.757679569613039	5.7654980261414295	5.774726839575301	5.78536680835874	5.79741753007132	5.810877176314863	5.825742433613179	5.842008525965747	5.859669275037405	5.87871717681828	5.89914348360618	5.920938285902008	5.944090592705532	5.968588410372038	5.994418820289063	6.0215680553390705	6.050021574918975	6.079764138155083	6.1107798748516275	6.143052353688032	6.176564647239042	6.211299393492535	6.247238853650759	6.284364966115907	6.322659396676721	6.362103585016446	6.402678787738261	6.444366118145264	6.487146583021378	6.531001116647932	6.575910612276138	6.621855951272022	6.668818030150445	6.716777785695502	6.76571621832079	6.815614413783849	6.866453563358705	6.918214982567589	6.970880128543255	7.024430616057925	7.078848232280731	7.134114950422507	7.190212942486551	7.247124591239643	7.304832501273075	7.363319508855328	7.422568690399857	7.482563369730068	7.5432871245893764	7.604723792746238	7.666857477681842	7.729672553577742	7.793153669359424	7.857285751787068	7.922054007762918	7.987443926028178	8.0534412783263	8.120032120036829	8.187202790277293	8.254939911494874	8.323230388584683	8.392061407569456	8.461420433870844	8.53129521020599	8.601673754143512	8.672544355327718	8.743895572349116	8.815716229324753	8.88799541252406	8.960722467343938	9.033886994544826	9.107478842801537	9.1814880988908	9.255905092251902	9.330720431085792	9.40592501048094	9.481509824587041	9.557465647785941	9.63378350857427	9.710456906442968	9.787482501477728	9.864849983537034	9.942524461626856	10.02047304011944	10.098791597743576	10.177744991892503	10.257167501169572	10.335433544019565	10.41119985266605	10.491045836727446	10.590631357740984	10.694478539850428	10.721938386578065
10.781194168697658	10.754192472921561	10.651097452298341	10.551783545203856	10.4721973539831	10.396811887046892	10.318959376318215	10.239930846162437	10.161363146630892	10.08343775370794	10.005891059715765	9.928623762655276	9.851667562153072	9.775057844329767	9.698805352412162	9.622913446264388	9.547388541103881	9.472239584256616	9.397475813898291	9.323106239680584	9.249139953669754	9.175586325750686	9.102454999025804	9.029755852681834	8.957498996061783	8.885694778074631	8.814353794619095	8.74348689222095	8.673105170802	8.603219986754196	8.533842956040568	8.464985956975156	8.396661132613124	8.32888089278442	8.261657915783054	8.195005149697918	8.128935813361009	8.063463396882904	7.998601661751573	7.9343646404951915	7.87076663592366	7.807822219920657	7.745546231658133	7.683953775024757	7.623060215097012	7.56288117363842	7.503432523755486	7.444730383865596	7.386791111138092	7.329631294637922	7.273267748314929	7.21771750354504	7.162997800496563	7.109126077737496	7.056119960153445	7.00399724572029	6.952775891552278	6.902473999209615	6.853109798985308	6.804701632919496	6.7572679364087485	6.71082721832488	6.665398039557394	6.620998989915245	6.577648663339945	6.535365631323218	6.4941684143042115	6.454075450744827	6.415105063610722	6.377275424075331	6.3406045123238854	6.305110075323807	6.2708095813815445	6.23772017128899	6.205858605919456	6.175241210262079	6.145883814041388	6.117801689204697	6.091009484651063	6.065521158629071	6.04134990924561	6.018508103480889	5.997007204997184	5.976857700896711	5.958069027400306	5.940649494161051	5.924606207084667	5.909944991266337	5.896670319620771	5.88478525860427	5.8742914524251395	5.865189189540345	5.8574776344293	5.851155346438643	5.846221209880252	5.842675775964513	5.840521589180235	5.839741562248083	5.839601505258668	5.839580255378894	5.839578455466311	5.839580257788038	5.839601524220211	5.839741678401546	5.840522038817018	5.842676313837308	5.846221546329387	5.851155177008764	5.857476637599097	5.865187023127776	5.8742877510474925	5.884779632452752	5.896662354583382	5.909934250348636	5.924592233015786	5.940631813026318	5.958047153109722	5.976831140279337	5.9969754633057235	6.018470690097569	6.041306343397477	6.065470974944897	6.090952238420542	6.11773696123076	6.145811215006252	6.1751603845549345	6.205769234897332	6.237621975961565	6.2707023245253435	6.30499356304194	6.340478595075015	6.377139997200395	6.414960067388812	6.453920870010986	6.494004277662205	6.5351920099861776	6.577465669631888	6.620806775467161	6.6651967932328064	6.710617163910658	6.757049330106995	6.804474760676139	6.852874973690655	6.902231557805402	6.9525261920782935	7.003740664332554	7.055856888145975	7.108856918599673	7.162722967034694	7.217437415089125	7.272982828024014	7.3293419669169575	7.386497799186879	7.44443350738665	7.503132496841672	7.562578402845265	7.622755097694044	7.683646697423894	7.74523756802669	7.807512330987929	7.870455867981454	7.934053324583635	7.998290113018989	8.06315191411078	8.12862467864594	8.194694628279503	8.261348256002387	8.328572326154834	8.396353873983982	8.464680204770554	8.533538892557475	8.602917778509887	8.67280496892833	8.743188832912596	8.81405799965222	8.885401355418832	8.95720804060935	9.029467447115893	9.102169214845786	9.175303224460592	9.248859588078314	9.322828655167887	9.397201049554308	9.471967674227818	9.547119516705383	9.622647337516046	9.69854218403621	9.774797625806633	9.851410295667156	9.92836950375084	10.005639959261673	10.08318980440127	10.161117614429784	10.239686796315377	10.31871934777303	10.39658406430833	10.471979220480796	10.551529344438688	10.650761105417285	10.753979293951337	10.781194168697658
10.840950155546865	10.814201034111967	10.711746412178952	10.612784894098288	10.533489712061053	10.458473568758507	10.381023028118163	10.30238508720365	10.22420142821912	10.146666238631969	10.069517735026633	9.992653932867828	9.91610539672644	9.839907870601419	9.764072482032113	9.688602624102094	9.613504637021967	9.538787440571651	9.464460279687087	9.390532165051555	9.317012175442104	9.243909659562634	9.171234234910328	9.098995749829188	9.0272042762019	8.955870118281018	8.885003819902403	8.814616167848955	8.744718194250334	8.675321179274011	8.606436653854775	8.538076402098179	8.47025246327717	8.402977133462912	8.336262966819366	8.270122776556738	8.20456963551241	8.139616876327889	8.07527809123837	8.011567131533448	7.94849810664532	7.886085382552831	7.824343579057025	7.763287565877467	7.702932458268831	7.643293613074096	7.584386625161987	7.526227322771142	7.468831760148573	7.4122162077103795	7.3563971419836305	7.301391237344712	7.247215359154005	7.193886555997288	7.141422049213999	7.08983921972781	7.039155593359786	6.989388825569141	6.940556685684287	6.892677040151276	6.845767834421949	6.799847073413101	6.754932800544896	6.711043075230862	6.668195948625199	6.6264094375074585	6.585701496220324	6.5460899864780195	6.507592644757566	6.4702270470042835	6.43401057048931	6.398960352735999	6.365093247445446	6.3324257773367245	6.3009740838196	6.27075387346984	6.241780361399197	6.214068211779308	6.187631475920712	6.162483528365484	6.138637001414079	6.116103718398124	6.09489462587337	6.07501972477985	6.056488000459031	6.03930735120527	6.023484515248086	6.009024997865693	5.9959330043696655	5.984211390607134	5.973861652606101	5.964883998950899	5.957277587537259	5.9510410455234455	5.946173392060112	5.942675359229874	5.940549695175636	5.939779792593345	5.93964154301192	5.939620569144328	5.939618792657598	5.939620571549311	5.939641561939905	5.9397799085359635	5.940550145036533	5.942675904644838	5.94617375096917	5.951040921701432	5.957276668515831	5.964881952565922	5.973858124514212	5.984206003025131	5.99592535607371	6.009014665409703	6.02347105530311	6.039290303878618	6.056466893421132	6.074994078007454	6.094863956810422	6.116067547340016	6.138594856934895	6.162434952628595	6.187576029738371	6.21400547931422	6.241709954428486	6.2706754351572185	6.300887291963706	6.3323303470819585	6.3649889334565986	6.398846950849459	6.433887918861892	6.470095026785218	6.507451180311033	6.545939045184165	6.5855410878834935	6.626239613402005	6.668016800211027	6.710854732572043	6.754735430463744	6.799640877410103	6.845553046391124	6.892453923922838	6.940325532429479	6.989149951102142	7.038909335368662	7.089585934964926	7.141162110677129	7.193620350130382	7.24694328308706	7.301113696183072	7.356114546161108	7.411928970438446	7.468540295006394	7.525932041469656	7.584087935483819	7.642991916965706	7.702628150061814	7.76298103063964	7.824035191099865	7.8857755041285635	7.948187086849922	8.011255305407095	8.074965779042156	8.139304382978457	8.204257250162893	8.26981077231408	8.33595160058498	8.402666645880535	8.46994307877157	8.537768328990696	8.606130084545995	8.675016290489848	8.744415147355447	8.814315109239676	8.884704881498443	8.955573418137998	9.026909919263645	9.098703828831805	9.170944831443379	9.243622845276557	9.316728013332376	9.390250710659885	9.464181582130223	9.538511543761489	9.613231581630775	9.68833244882268	9.763805219099586	9.839643535641732	9.915843997791692	9.992395532904148	10.069262491246942	10.146414137787572	10.223951714717273	10.302136833541809	10.380778882273825	10.458241833540571	10.533267586624598	10.612525789789	10.711404291185666	10.813984979827195	10.840950155546865
10.901229421137144	10.874730255991537	10.772917664583513	10.674319246623988	10.595319182042813	10.520670982166711	10.443621528753729	10.365374904975647	10.28757621255537	10.210431630517018	10.133681343966009	10.05722090672244	9.981079780155074	9.90529402273607	9.829875123522672	9.754826508972235	9.680154446640767	9.605867826760676	9.53197589728742	9.458487666606944	9.38541219736075	9.312758814306445	9.240537106550907	9.168756888857352	9.097428192996343	9.026561275989879	8.956166627095856	8.886254970886096	8.816837269269495	8.747924723795517	8.6795287780127	8.611661119508236	8.544333681546131	8.477558644356959	8.411348436114096	8.34571573358196	8.28067346240257	8.21623479701719	8.152413160251934	8.089222222498396	8.026675900111218	7.964788352367348	7.903573976697324	7.843047403158455	7.783223490137536	7.724117322368562	7.665744210065972	7.608119686893925	7.551259505179533	7.495179627368013	7.439896213346007	7.385425605592036	7.331784316215824	7.27898901809078	7.227056537841874	7.176003846719781	7.125848047791376	7.076606360650748	7.028296105108126	6.980934684106589	6.934539565575796	6.889128263269854	6.844718316730971	6.8013272699673815	6.758972648009499	6.717671930878254	6.677442525265912	6.638301734522543	6.600266727110455	6.563354503045164	6.527581857562142	6.492965341469111	6.459521218120521	6.427265417338478	6.396213486674662	6.366380540195706	6.33778120475289	6.310429563717748	6.284339098410921	6.25952262768538	6.23599224615327	6.213759261373521	6.192834130090309	6.1732263934518805	6.154944611010919	6.137996293156708	6.12238783191844	6.108124431946915	6.095210047586528	6.083647337926192	6.073437661659007	6.064581155106457	6.057076973747312	6.050923813119097	6.046120823845026	6.042668910667659	6.040571012123261	6.039810983706344	6.039674504446515	6.039653802983904	6.039652049811227	6.039653805384111	6.0396745233370845	6.039811099421712	6.0405714621206	6.04266946323197	6.046121204234234	6.05092373300922	6.057076129340386	6.064579223817098	6.07343429969064	6.083642178985167	6.095202702773881	6.108114490795597	6.1223748644905225	6.137979853074822	6.154924239268715	6.173201622829051	6.192804489989286	6.213724282897303	6.235951467255038	6.259475598238568	6.284285385070704	6.310368754469717	6.337712913069553	6.3663044087445675	6.3961291905424	6.42717266675397	6.459419760675255	6.492854963845865	6.527462386790507	6.563225807305356	6.6001287161070055	6.63815435944987	6.677285778390698	6.717505844768609	6.758797294445145	6.801142758564609	6.844524793310946	6.888925907993846	6.934328590871256	6.980715332413288	7.0280686464780615	7.076371090236224	7.125605283254669	7.175753925596215	7.226799814881776	7.278725862592749	7.33151510935455	7.385150737757712	7.439616081550619	7.494894632796804	7.550970050927538	7.607826175850298	7.665447042880703	7.723816895488907	7.78292019395918	7.842741620331969	7.903266080595746	7.96447870571262	8.026364853773018	8.088910114483479	8.152100314885342	8.215921524295936	8.280360057494661	8.34540247644931	8.411035591245755	8.477246460601897	8.544022392034607	8.611350941652578	8.679219913583811	8.747617359078472	8.81653157530855	8.885951103835058	8.95586472869321	9.02626147417658	9.097130602687008	9.16846161286508	9.240244236657139	9.312468432449847	9.385124376861022	9.458202473256458	9.531693390233803	9.60558805957338	9.67987746910869	9.754552368085468	9.829603858580002	9.905025655133631	9.980814323589842	10.05695843118411	10.133422012035094	10.210175422015777	10.287322352012069	10.365122477836444	10.443373294746262	10.520435349893923	10.595093048190698	10.674055206475202	10.772569780007313	10.874511371410149	10.901229421137144
10.961971043401865	10.935697395308134	10.834497533198792	10.736287820884067	10.65760834903749	10.583335220465868	10.506687468888982	10.428835174912082	10.351426703201604	10.2746779737582	10.198330396649137	10.122277320234865	10.046547356355294	9.971176905607836	9.896177768480044	9.821553377581589	9.747309925454624	9.673456274025963	9.600001671463358	9.526955119005294	9.454325658595842	9.382122587155434	9.310355461845232	9.239034060457122	9.168168371449207	9.097768601650902	9.027845183028134	8.958408775465033	8.88947026840063	8.82104078274188	8.753131672861114	8.68575452830754	8.618921175157828	8.552643677051938	8.48693433590997	8.42180569228895	8.357270525394911	8.29334185278345	8.230032929525516	8.167357246161904	8.105328524789494	8.043960713714473	7.983267982499616	7.923264718985878	7.863965527378268	7.805385224227259	7.747538831193659	7.690441570076507	7.634108867601512	7.578556366068302	7.52379992249797	7.46985558531723	7.416739559794481	7.364468182745722	7.313057913537969	7.26252533238087	7.212887135084827	7.164160121038068	7.116361176890288	7.0695072589265395	7.023615375174648	6.978702566946667	6.934785889410364	6.891882390860866	6.850009090002142	6.809182950451594	6.769420852478845	6.730739562963696	6.693155704508713	6.656685723527423	6.621345856089572	6.587152090258717	6.554120124465881	6.522265322384626	6.491602665220637	6.462146702161611	6.433911499206783	6.406910586175591	6.381156901707324	6.356662736411907	6.333439674623564	6.311498535172746	6.290849311310654	6.271501109652753	6.253462087846609	6.236739390574687	6.221339083881558	6.207266089760602	6.194524127102532	6.18311567112769	6.173041953271442	6.164303044563191	6.156898101642947	6.150825888849096	6.146085686431443	6.142678566381677	6.140607637690738	6.139857161432154	6.139722380999847	6.139701941148505	6.1397002105882	6.1397019435436855	6.139722399852115	6.1398572769216155	6.140608087804956	6.142679125809689	6.146086087457472	6.15082585071624	6.156897328841279	6.164301223652709	6.17303875052031	6.183110731209379	6.194517072894179	6.207256523217786	6.221326587915155	6.236723531817801	6.253442420171554	6.271477178279112	6.290820657336117	6.31146470035914	6.333400206279481	6.35661719222883	6.3811048544258835	6.406851627980486	6.4338452457710265	6.462072796282128	6.491520780008032	6.522175163989054	6.554021434336028	6.587044646940013	6.6212294765725215	6.656560264160918	6.693021061498404	6.730595672480292	6.769267690403885	6.809020531788465	6.849837467977798	6.8917016557401904	6.934596167045909	6.9785040170943455	7.023408189612661	7.069291659408621	7.116137412950728	7.163928467665684	7.212647890299853	7.262278814755769	7.312804459680341	7.364208144736608	7.416473302596069	7.469583484223582	7.5235223607257655	7.578273732516111	7.633821554699511	7.690149971622174	7.747243340161976	7.805086230662853	7.863663416508168	7.922959869612703	7.982960765611562	8.0436514911871	8.105017648118825	8.167045055287733	8.229719751842376	8.29302800237171	8.35695630243217	8.4214913825891	8.48662021056226	8.552329992152297	8.61860817162811	8.68544243179822	8.752820693738254	8.820731116167792	8.889162094524256	8.958102259740594	9.027540476679235	9.097465842291378	9.167867683860909	9.238735557512324	9.310059245551896	9.381828749787491	9.454034283815636	9.526666282810298	9.599715442895715	9.67317271606663	9.747029096652643	9.821275332808211	9.895902553734599	9.970904547798233	10.046277874457207	10.122010790536699	10.198066986640493	10.274417658117418	10.35116869057173	10.428578563088875	10.506435117489001	10.583095637081325	10.657378157332023	10.736018824037044	10.834143811971838	10.935475552912461	10.961971043401865
11.022956558825706	10.996879965653346	10.896244849386107	10.79842776612288	10.720094237994294	10.646213731134251	10.569974627093085	10.492521353853434	10.41550975649337	10.339164912665069	10.263228049627354	10.187589883217262	10.112278360426203	10.037330391349881	9.962758094143298	9.888564859066896	9.81475677471985	9.741342665732136	9.668331773757718	9.595733082345	9.523555600490948	9.451808585456849	9.38050155131848	9.309644228071718	9.239246550203163	9.169318663909886	9.09987093371028	9.030913944950107	8.962458505057679	8.894515645084223	8.827096621385412	8.760212917082772	8.693876243220487	8.628098539609287	8.562891975271366	8.498268948431862	8.434242086138065	8.370824243407734	8.308028501039775	8.245868160782688	8.184356738384542	8.123507959016795	8.063335760244534	8.003854299510367	7.945077953956288	7.887021307076932	7.829699132783772	7.77312638695906	7.717318203297473	7.6622898905508805	7.608056935819172	7.55463501013735	7.502039960423484	7.450287781962454	7.3993945872501445	7.3493765884818245	7.300250091910678	7.252031491165444	7.204737253989442	7.158383906320022	7.112988016824769	7.068566179678759	7.025134992915295	6.982711033878712	6.941310835415799	6.900950863684877	6.861647494870661	6.82341698790945	6.78627545284949	6.750238816441661	6.71532278654327	6.681542815717622	6.648914063156313	6.617451353506434	6.5871691317985634	6.558081415047342	6.530201741984981	6.503543122001878	6.4781179833273965	6.453938119954557	6.431014637096456	6.409357895411348	6.388977454272399	6.3698820140640215	6.35207935719194	6.335576287374532	6.320378567248328	6.306490856364433	6.293916655871187	6.28265827218596	6.272716821644481	6.264092318709512	6.256783925658754	6.250790475467932	6.246111375701931	6.242747867828559	6.240703234260373	6.239962075672702	6.239828915094467	6.239808713466377	6.239807002622439	6.239808715856746	6.239828933911001	6.239962190954773	6.240703684531875	6.2427484339300925	6.246111796647619	6.250790477731786	6.256783221637814	6.264090603680473	6.272713771465616	6.282653541984518	6.293909879760868	6.306481648174478	6.320366522199725	6.335560984603578	6.35206036299488	6.369858885717852	6.388949744277168	6.409325155998617	6.430976424855779	6.453894000443012	6.478067535544126	6.503485942628485	6.53013744931258	6.558009652532942	6.58708957121593	6.617363697674862	6.648818048239073	6.6814382130820595	6.715209404177683	6.750116499939392	6.786144085993305	6.823276492902634	6.861497832253395	6.900792031949527	6.941142870310919	6.982534007391331	7.024949011953439	7.068371384519589	7.112784579404309	7.158172028400328	7.204517165188351	7.251803446830342	7.300014370857359	7.349133490642114	7.399144431252916	7.4500309026768	7.50177670657282	7.55436574213389	7.607782023771206	7.66200971208927	7.717033140953975	7.77283682537275	7.82940545628331	7.886723897802535	7.944777190294378	8.003550554700308	8.063029401161998	8.123199345031152	8.184046220135365	8.245556078890248	8.307715184911016	8.370510010261583	8.433927240257628	8.497953780587718	8.562576762266085	8.627783543920474	8.69356171273546	8.759899084923346	8.826783705826813	8.894203849580467	8.962148018391968	9.030604941529315	9.099563574017237	9.169013095116934	9.238942906936154	9.309342633300108	9.380202117339502	9.451511414929145	9.523260787422227	9.59544071286799	9.66804192664726	9.741055413121995	9.814472183606352	9.888282991944672	9.962479003571731	10.037054109510088	10.11200491089235	10.1873193480592	10.262960603165686	10.338900529479359	10.41524762989427	10.492260578077692	10.569718141237757	10.645970170682034	10.719860045149098	10.79815394209084	10.895885224449701	10.996654878043504	11.022956558825706
11.084070316971854	11.05825036574757	10.958238382898838	10.860724755833159	10.782676253134154	10.709189173962908	10.633370053644379	10.556313443888838	10.479689624900818	10.403741346713565	10.328210483254194	10.252983258621239	10.178086161519994	10.103556790228476	10.029407807676812	9.955642577745104	9.882267024998903	9.809289901323094	9.736720430842889	9.664567570064035	9.592840280583472	9.521547763510926	9.450699473729774	9.380305077790887	9.310374440533586	9.240917631680063	9.171944932372506	9.103466837475253	9.035494056476447	8.96803751468949	8.901108354682608	8.83471793755596	8.768877843911298	8.703599874423157	8.638896049895044	8.574778610743927	8.511260015808704	8.448352939921381	8.386070269281547	8.324425094926898	8.263430708320941	8.203100605885256	8.143448504372719	8.084488355947432	8.026234346986104	7.968700890119211	7.911902643134797	7.855854527473764	7.80057163917817	7.746069052421883	7.692361716578468	7.639464584500725	7.5873928274896585	7.536161916787329	7.485787552285386	7.436285564374807	7.387671864872215	7.3399624339930405	7.293173313385995	7.247320596300432	7.202420415733671	7.158488927309214	7.115542282831891	7.073596598384057	7.032667927136514	6.992772242363117	6.953925424958909	6.9161432441273725	6.879441324841125	6.843835105218784	6.80933979244408	6.775970324018198	6.743741334799069	6.7126671246998715	6.682761621000443	6.654038332977989	6.62651030125981	6.600190045992428	6.575089516098645	6.551220039247284	6.5285922711487885	6.507216143414118	6.487100810030229	6.468254592650349	6.450684924574182	6.434398293042248	6.419400179930285	6.405695003028752	6.393286064293122	6.38217551739531	6.372364376577547	6.363852609215982	6.356639388774914	6.350723616476217	6.346104817579991	6.342784396399422	6.340765863366494	6.34003430275608	6.339902874824066	6.339882919554803	6.3398812273456855	6.33988292194111	6.339902893610157	6.340034417858726	6.34076631387396	6.342784969078372	6.346105257912752	6.350723657877651	6.35663875122428	6.3638509963420775	6.372361473425616	6.382170989112103	6.3932795557751065	6.405686139520406	6.419388568517058	6.434383524949602	6.450666578158692	6.468232236950908	6.487074008737374	6.507184459113883	6.528555269703044	6.551177294183167	6.575040612893654	6.600134586158526	6.626447906150393	6.653968647264971	6.682684315789221	6.712581900259885	6.743647922887261	6.775868489773436	6.809229335845109	6.843715862125802	6.879313167667483	6.91600608219545	6.953779204573772	6.992616946598495	7.032503575301231	7.073423245155149	7.115360017093334	7.158297870770182	7.202220721384533	7.247112446729061	7.2929569189654	7.3397380309516915	7.3874397132359135	7.436045945753294	7.485540767543223	7.535908283772477	7.587132679027125	7.639198266632236	7.6920895866567145	7.7457914765802816	7.80028898921048	7.855567177821341	7.911610968612908	7.968405264326138	8.025935140992374	8.084185937020832	8.143143234681238	8.202792841244596	8.263120797074345	8.32411337689199	8.385757074637215	8.448038588066039	8.510944814345374	8.574462854687875	8.6385800210841	8.70328384106933	8.768562060257555	8.834402643634295	8.90079377618221	8.967723862946462	9.03518152859901	9.103155616619008	9.171635188174731	9.240609520849219	9.310068107573553	9.380000655826107	9.450397085393396	9.521247521850533	9.592542289889947	9.664271926459142	9.736427222596788	9.808999209423385	9.881978924620261	9.955357138843702	10.029125089174684	10.103276829035428	10.177808985287061	10.252708956499035	10.327939240293876	10.403473138226268	10.479423617848612	10.556048715680795	10.633109642289497	10.70894189356895	10.782438353115179	10.860446406458982	10.957873257189767	11.058022304914198	11.084070316971854
11.146079265823719	11.120734233105686	11.02164762733105	10.924284295312901	10.846326827560885	10.773173082234997	10.697772488371836	10.621094828096576	10.544820900157967	10.469228948543774	10.394068337175787	10.319218789001066	10.244703073945423	10.17055921407333	10.096800849220685	10.023431512588104	9.950456928297687	9.877885720253	9.80572708573126	9.733989962816334	9.662683269419684	9.591816148618413	9.521397993428693	9.451438405071292	9.381947177077258	9.312934300751504	9.24440997161266	9.176384591600538	9.108868769679255	9.041873322724452	8.975409276717077	8.909487867775383	8.84412054272321	8.779318959092517	8.715094984599537	8.651460695939148	8.588428376038573	8.526010508873936	8.464219773726775	8.403069045518254	8.342571407094825	8.282740166303304	8.22358885986716	8.165131247540009	8.107381331949922	8.050353396964612	7.994062003346941	7.938521937698134	7.883748111530281	7.829755365799884	7.7765583101940825	7.724171402693305	7.672609201169307	7.621886551516655	7.572018609294591	7.5230207469887125	7.474908449794001	7.427697264540174	7.381402790799046	7.336040674792154	7.291626591462772	7.248176222390635	7.205705234803721	7.164229258355942	7.123763858891061	7.084324515628844	7.045926605532806	7.008585387841594	6.972315977612431	6.93713330517539	6.903052068912487	6.870086691467257	6.838251284275499	6.807559618124946	6.77802509303717	6.749660701104069	6.7224789804491065	6.6964919637047045	6.671711126119766	6.648147335960291	6.625810806469878	6.6047110473846296	6.584856814826453	6.566256059489992	6.548915873296201	6.532842434433675	6.51804095099965	6.504515605404002	6.492269505737616	6.481304656331693	6.4716219701496085	6.463221366724648	6.456102031742106	6.450262939380729	6.445703726338965	6.442425909021378	6.440433187622323	6.439711469168345	6.439582074778451	6.439562464631715	6.439560802876834	6.439562467015079	6.439582093539457	6.439711584122359	6.440433638484307	6.442426488274112	6.445704185704033	6.45026301898808	6.456101458912955	6.4632198531743965	6.471619209821351	6.481300324085475	6.492263256938637	6.5045070764020405	6.518029760452818	6.532828185398319	6.548898155980253	6.566234454549617	6.584830897075907	6.604680389786937	6.625774984279697	6.648105930898171	6.6716637304689534	6.696438184239424	6.72241844212638	6.749593050470559	6.777950001307088	6.807476783879867	6.83816043574811	6.869987588413657	6.902944504122246	6.937017105667002	6.972191005512359	7.008451540902079	7.045783817252426	7.084172754994954	7.123603129832446	7.164059599032564	7.205526716805047	7.247988949760869	7.29143069937376	7.335836327817973	7.381190181007439	7.427476609659858	7.474679991441506	7.522784748728619	7.57177535452495	7.621636341486578	7.672352353074836	7.723908246971718	7.776289186753031	7.829480621319562	7.883468099896955	7.938237021196496	7.9937725504717205	8.050059777585512	8.10708391388041	8.164830395250673	8.223284933170953	8.28243351854857	8.342262384039199	8.402757985040626	8.463907005464346	8.525696353280205	8.588113143146366	8.651144684270555	8.714778480371516	8.779002235642608	8.843803860071802	8.909171472309843	8.975093401013385	9.041558185514372	9.10855457596329	9.17607153290856	9.244098226413227	9.312624034999661	9.381638544873612	9.451131549393306	9.521093046896006	9.591513234249923	9.662382501288798	9.733691446443476	9.805430918225104	9.877591990813304	9.950165719731007	10.023142901738451	10.096514900455109	10.170275968106255	10.244422563479722	10.318941114049121	10.39379369326942	10.46895729602006	10.544551363556414	10.620826512679221	10.697508639735247	10.772922640930835	10.846085453901946	10.924001377333372	11.021278125938824	11.120505195461906	11.146079265823719
11.210797375255053	11.186022166510105	11.088074799552421	10.990960923588688	10.913029798665464	10.84012314533745	10.765108717129415	10.688801064677012	10.612858629066155	10.537594096998578	10.462773247642406	10.388272367226122	10.314109189880858	10.240321032471183	10.166922512428219	10.09391761760621	10.02131197381514	9.949114060417399	9.877333039432756	9.805977851495271	9.73505739841551	9.664580788271582	9.594557372673588	9.524996708470868	9.455908539811606	9.387302801976015	9.31918962751523	9.251579348455	9.184482496710109	9.117909804694548	9.051872206229746	8.986380837145234	8.921447035120435	8.857082338806357	8.793298486580499	8.730107414538583	8.66752125198277	8.605552314549543	8.544213103367808	8.483516324789466	8.423474928190577	8.364102118943531	8.305411303862769	8.247416030507539	8.19013005423564	8.133567406107126	8.077741898583415	8.022666238089968	7.968352408104571	7.914813731200145	7.862066066638975	7.810126474762168	7.759011244162366	7.708735497706039	7.659313964022127	7.610761527815992	7.563093262518441	7.516324332288563	7.470469953855915	7.4255453727422	7.381565816962735	7.338546465332113	7.296502461046992	7.255448939854846	7.215401020370672	7.176373747050142	7.138382023787007	7.101440575821563	7.065563943269888	7.030766482983077	6.997062353956996	6.964465476555865	6.9329894743918805	6.902647618367008	6.873452786885196	6.8454174392408556	6.818553587549856	6.792872756771524	6.768385934721741	6.745103520366203	6.723035275404024	6.702190278277523	6.682576877648666	6.664202643783543	6.647074317884226	6.6311977597289005	6.6165778940466025	6.603218657577863	6.591122952649363	6.580292619837928	6.570728454646791	6.562430315137987	6.555397395026729	6.549628752528457	6.545124165602706	6.541885235894159	6.539915496190071	6.539201051316519	6.539073076657196	6.539053800951859	6.53905217940805	6.539053803332523	6.539073095393868	6.539201166168035	6.539915947595409	6.5418858216834925	6.545124643380036	6.549628868786526	6.555396884049084	6.56242889632037	6.570725830396319	6.580288474265885	6.591116951105608	6.603210447021525	6.616567104213384	6.631184005026739	6.647057199925388	6.664181754443879	6.682551802534764	6.702160600479417	6.723000579412974	6.745063396042842	6.768339981212371	6.792820586291484	6.8184948289748	6.845351741449475	6.873379821775178	6.902567083457883	6.932901094989971	6.964369007575857	6.99695758155761	7.0306532260757315	7.065442054753876	7.101309943280864	7.138242569492577	7.176225427394648	7.21524382512037	7.255282891616322	7.296327615019478	7.338362908943506	7.381373668827326	7.425344780800753	7.470261093183935	7.516107403174931	7.562868488906367	7.610529155771662	7.659074260071396	7.708488747020778	7.758757747790617	7.809866544573672	7.861800019206882	7.91454188649363	7.9680750966395655	8.022383808318434	8.077454714029402	8.133275836128659	8.189834467988408	8.24711679445783	8.305108779193445	8.3637966589456	8.423166877243194	8.48320601884159	8.543900870544885	8.605238474901011	8.667206116459395	8.729791283789258	8.792981649951368	8.856765073588742	8.92112960598308	8.986063495729066	9.051555190917373	9.117593340555212	9.184166795603995	9.25126460928053	9.31887603658727	9.38699053351725	9.455597756525977	9.524687562160322	9.594250004864605	9.664275330813409	9.734753973956455	9.805676573693075	9.877034012984916	9.948817381602325	10.021017732024731	10.0936258952826	10.166633377753652	10.240034529473279	10.313825359305218	10.387991323083947	10.46249518549157	10.537318935380846	10.61258545751196	10.688529127321463	10.764841579311733	10.839869621500302	10.912784353369531	10.990671945618532	11.0876999358286	11.185793493271465	11.210797375255053
11.277684809287424	11.252702028786903	11.154950458350974	11.058856322929998	10.981584268932636	10.90899212174674	10.834319184985722	10.758448514524964	10.682959601660718	10.608131159982555	10.53374010022944	10.459673150748738	10.385947999292972	10.312599650976242	10.239642208803708	10.16708006430523	10.094919064948188	10.023167662379896	9.95183496605295	9.880929907249726	9.810461388786653	9.740438507324699	9.670870592243354	9.60176717258993	9.533137959930889	9.464992851085828	9.39734193365583	9.330195488141808	9.263563988292773	9.197458101507644	9.131888689386113	9.066866807770467	9.002403705833808	8.938510824415486	8.87519979411143	8.812482432847792	8.750370742104792	8.68887690478023	8.628013296257848	8.567792518810728	8.508227438606852	8.449331167983658	8.391116966948395	8.333598132677656	8.2767879269138	8.220699355098748	8.165344396625681	8.110732157490782	8.056868955326449	8.003764401045741	7.951436602041026	7.89990827634724	7.849200104482156	7.799329122288691	7.750310433230319	7.702158720710371	7.654888791323685	7.608515591241536	7.56305412665433	7.518519395502513	7.474926313307131	7.432289677671445	7.390624220807887	7.34994470207681	7.310265931201425	7.271602674353822	7.233969507586753	7.197380723512564	7.161850339901087	7.127392172619642	7.094019893614205	7.061747016415429	7.030586809545541	7.000552186998722	6.971655629996109	6.943909157342331	6.917324320514764	6.89191218960916	6.867683316524423	6.844647684219139	6.8228146556931915	6.802192927842699	6.782790487566397	6.764614566521177	6.74767159337549	6.731967143931422	6.7175058896690425	6.704291546469708	6.692326829670413	6.681613430089894	6.6721520393401255	6.663942471863449	6.656983947828631	6.6512756064451475	6.646817339730836	6.643610966279269	6.641659911912718	6.640948401908021	6.640819585372065	6.640800094137326	6.640798458823602	6.640800096511376	6.640819604089061	6.640948516762895	6.641660364058045	6.643611558403309	6.646817834830918	6.651275756748204	6.656983493883324	6.663941139996687	6.672149539597899	6.68160945493319	6.692321053463934	6.704283625758189	6.717495464206066	6.73195383840082	6.7476550197239655	6.764594326803401	6.782766177192764	6.802164139115513	6.8227809815175	6.8446087218808875	6.867638671444095	6.891861478999077	6.917267176874646	6.943845231708515	6.971584594841088	7.000473738716717	7.030500670571905	7.061652937131152	7.093917654164435	7.127281584606882	7.161731247720876	7.197253005050213	7.23383307417522	7.271457470225206	7.3101119328915765	7.349781918106776	7.390452691527611	7.432109474841015	7.474737539129399	7.51832218117739	7.56284863065205	7.608301997403584	7.654667306976173	7.701929575162705	7.750073876604949	7.799085423380174	7.848949546581947	7.8996511545953	7.951173228717215	8.00349511019192	8.056594088060404	8.110452041466333	8.165059352137156	8.220409718271249	8.276494055226651	8.333300391083906	8.390815715537334	8.449026758554407	8.507920214747443	8.56748281571116	8.627701440506687	8.68856321451742	8.750055526958963	8.812165993299907	8.874882420522335	8.938192796086637	9.002085290280988	9.066548260229881	9.131570252528842	9.197140005342638	9.263246450238425	9.329878713240944	9.397026114906655	9.464678169858995	9.532824586438178	9.60145526637037	9.670560302641395	9.740129973926928	9.810154741728017	9.88062526727973	9.951532444527187	10.022867361871587	10.094621080671184	10.166784483445873	10.239349102995885	10.312309068898822	10.385659991603504	10.459387841559927	10.533457674488423	10.607851502139201	10.682681815288799	10.75817198273618	10.834047595525373	10.908734141445455	10.981333550000826	11.058559554379592	11.154561461577835	11.252462003716518	11.277684809287424
11.337335184142702	11.310501809068938	11.210703951152379	11.116638407664015	11.041194225378183	10.96920280538352	10.89485778356786	10.819552808071087	10.744759765170585	10.670608567322487	10.596860648781556	10.523431352637834	10.450349481709697	10.377646986562961	10.305334818213028	10.233417161443198	10.161900465203493	10.09079338375144	10.020104949029733	9.949844014868324	9.880019456980243	9.810640351639893	9.741715992803472	9.673255861977507	9.60526961610517	9.537767090991887	9.470758305942976	9.404253465392388	9.338262959111004	9.272797362354297	9.207867435918434	9.143484125652583	9.079658561251291	9.016402054376332	8.953726096268364	8.891642356147115	8.830162684452155	8.769299126150132	8.709063941607841	8.649469612989177	8.590528810670044	8.532254353381454	8.47465922159075	8.417756414905138	8.361558145778222	8.306074789664518	8.25131645629159	8.197299777057687	8.144047201558053	8.091575146994522	8.039890297789936	7.988998947143117	7.938914770765152	7.889655775973903	7.841238823632656	7.793679042502974	7.746991124735128	7.701189871947902	7.656290143168981	7.612306770907031	7.5692545386234364	7.527148148168656	7.48600220270906	7.4458312557716075	7.406649876091744	7.368472621353352	7.331313900358211	7.295187825754187	7.260108169972867	7.226088436706567	7.19314196501124	7.1612819710854385	7.130521489603637	7.100873247055534	7.072349537024864	7.044962151330659	7.018722369280764	6.993640966103969	6.969728202396871	6.946993786112972	6.9254468217615575	6.905095761593496	6.885948361957246	6.868011640850672	6.8512918332852015	6.835794343720509	6.821523695920365	6.808483482432736	6.79667632244696	6.786103847341896	6.776766742076329	6.768664874335363	6.761797545728512	6.756163916691474	6.751763752714351	6.748598882654368	6.746674530752913	6.745976174622206	6.745848363159475	6.745828378212317	6.745826668408211	6.745828380573579	6.745848381923955	6.745976289593043	6.746674983548233	6.748599481304143	6.751764265512786	6.756164101435582	6.7617971491546545	6.7686636295310825	6.776764366487711	6.786100041484588	6.796670769359334	6.808475847875341	6.821513629283871	6.83578147958585	6.8512757935663355	6.867992037433498	6.885924799734045	6.90506784178528	6.925414145421167	6.9469559577126	6.969684833422461	6.993591678583493	7.018666799144258	7.044899951475804	7.072280380033969	7.100796827679661	7.130437527202899	7.161190212001513	7.193042184512211	7.225980440123558	7.2599917930801885	7.295062934909757	7.331180392959994	7.368330426775329	7.406498956674915	7.445671606939949	7.485833851448323	7.526971150396596	7.569068977355953	7.61211275651036	7.656087814390073	7.700979395082901	7.746772690535349	7.793452863385522	7.8410051324575445	7.88941482330238	7.9386668211458655	7.9887442909292545	8.039629289803985	8.09130822503015	8.143774789798973	8.197022165351298	8.251033849863564	8.305787433184403	8.361266352362211	8.417460528182517	8.474359585713767	8.531951309454831	8.590222698988862	8.6491607694334	8.708752692811963	8.768985788334353	8.829847564675534	8.891325753116524	8.953408299871848	9.016083344661013	9.079339207552875	9.143164386039869	9.207547556857417	9.272477578529749	9.337943493406046	9.403934529020075	9.470440098694525	9.537449801554803	9.604953422409812	9.672940931542582	9.741402483063814	9.810328410232382	9.879709221915451	9.94953561450718	10.019798502035904	10.090488999638422	10.161598245623692	10.233117199669325	10.305037192554055	10.377351753292466	10.450056695696778	10.523141133461047	10.596573186903258	10.67032381056514	10.744476883176175	10.819270934482034	10.894580057936945	10.968938753902133	11.040940614016057	11.116339322932125	11.210291424455805	11.310225412846155	11.337335184142702
11.37765020432391	11.349193005663574	11.247344162109652	11.154541151154802	11.080720079916901	11.009429947793645	10.93539373834632	10.860547309506428	10.786358809917381	10.712819166920635	10.639652389906043	10.566795785778162	10.494292728272058	10.4221743467223	10.35044820460428	10.27911774812606	10.208189963786396	10.137673822011113	10.06757833308601	9.997912276860761	9.928684505238072	9.85990408906423	9.791580305074078	9.723722603809206	9.656340602950907	9.589444092469641	9.523043038430844	9.457147583776973	9.391768048090256	9.326914927234048	9.262598892698247	9.198830790594807	9.135621640543	9.072982634002416	9.010925131395947	8.949460661921139	8.888600937623542	8.828357887211403	8.768743677208096	8.709770646047893	8.651451145981609	8.593797520441823	8.536822394655022	8.480538494898724	8.424956645466006	8.370084029670414	8.315931687987016	8.262540161537288	8.210012784195246	8.158427281751578	8.107734913671962	8.057855537563887	8.008768331200713	7.960487590312872	7.913032165855301	7.8664179226980755	7.820659259155848	7.775770482641813	7.731765919098861	7.688659916994183	7.6464670054629185	7.605201855700957	7.56487900272805	7.5255126611576335	7.487116835361243	7.449705543988832	7.413292877284815	7.377892838403221	7.343519137083859	7.310185096658636	7.27790370326419	7.246687721150971	7.216549764569467	7.187502253672929	7.1595572728372945	7.132726425260256	7.107020764069496	7.08245079775965	7.0590265096381035	7.036757345184083	7.015652168072043	6.995719208445421	6.976966017542435	6.959399427232323	6.943025508587006	6.9278495266050015	6.913875890963692	6.901108106548624	6.889548737924168	6.879199413344436	6.87006088672644	6.862133145020957	6.855415544458804	6.849907090555261	6.845607278775653	6.842517959109611	6.840645675125161	6.839989909304786	6.8398772534658425	6.839859141256456	6.8398574853138445	6.839859143650708	6.839877272414954	6.839990023764081	6.840646128304865	6.842518565262505	6.845607811536824	6.849907314682051	6.8554152140585645	6.862132001159024	6.870058655533895	6.879195804747212	6.889543445067201	6.901100805923495	6.913866243194747	6.92783717783938	6.94301009243185	6.9593805671669955	6.976943329715723	6.995692304757455	7.015620659441937	7.036720844921262	7.058984636854571	7.0824031807385515	7.106967043431992	7.132666256769849	7.159490329916557	7.187428230055108	7.216468377434877	7.24659871430346	7.277806849082297	7.310080195911503	7.343406017326092	7.377771353039577	7.413162907065941	7.44956700083599	7.48696966631152	7.525356849231322	7.5647145629583346	7.605028828557895	7.646285453175999	7.688469926131205	7.731567605996004	7.775563994824607	7.820444770904317	7.86619562996618	7.912802284293321	7.960250352949875	8.008523988735144	8.0576043840716	8.107477327932157	8.15816365776202	8.209743475540941	8.26226551231252	8.315651963377787	8.369799447751362	8.424667479189907	8.480245050978933	8.536524987091491	8.593496471995023	8.65114679125036	8.709463322358554	8.768433713431143	8.828045599963863	8.888286633212832	8.949144638576922	9.010607679501838	9.072664035146266	9.13530216658695	9.19851070310155	9.26227844255561	9.326594354376217	9.391447581351317	9.45682744090883	9.522723426252782	9.58912520708773	9.656022629996547	9.723405718668452	9.791264673098139	9.859589865750207	9.928371836326134	9.99760129826208	10.067269170744696	10.137366592289013	10.207884774849495	10.278814700364158	10.35014738487018	10.42187581776678	10.493996540922224	10.566502051921622	10.639361339920228	10.712530866481162	10.786072406156602	10.860261373751124	10.935110913642959	11.009161869413171	11.080468016621465	11.15424269105908	11.246906005357944	11.348873768020429	11.37765020432391
11.421276012102147	11.395357470643154	11.296652460345356	11.201371366892053	11.126326845673523	11.05534651113168	10.981573008903037	10.906655108790545	10.83234853722482	10.758756875797843	10.685567264739825	10.612687149929359	10.540161155656763	10.468026599819584	10.39629217211526	10.324960396157444	10.254037872142494	10.183533700017431	10.113457028681598	10.04381667544836	9.974621501710143	9.905880597628766	9.837603263347535	9.769798968082654	9.702477342244315	9.635648183687413	9.569321461694953	9.50350731724955	9.438216062207674	9.373458178313378	9.309244315817855	9.24558529193522	9.18249208982238	9.119975857382581	9.058047904096695	8.996719700596723	8.936002898622263	8.875909380779989	8.816451286507593	8.757640887727423	8.699490305521458	8.642011465803296	8.585216647004923	8.529118399597294	8.47372671738437	8.41904734415202	8.36509608957779	8.311936766149326	8.259698923807084	8.208462308497321	8.158167439135433	8.10871599214849	8.060065032411346	8.012219267593274	7.965196624314207	7.919013338123295	7.87368354321595	7.829220937416658	7.7856391241289575	7.742951749144938	7.701172882376361	7.660317048576321	7.620398690068613	7.581431638819818	7.543429164703319	7.506404471065936	7.47037107743935	7.4353427638687855	7.40133320572446	7.3683556180420595	7.3364226318466566	7.305546427314346	7.275738970972253	7.247012140805372	7.21937763722901	7.192846772795908	7.167430312168329	7.143138437588947	7.119980782848892	7.0979664490476075	7.077103974424791	7.057401282534679	7.038865634488987	7.0215035893867555	7.00532096572128	6.990322798407636	6.976513290529792	6.963895765414729	6.952472639564741	6.942245448126846	6.933214921509342	6.925381027994712	6.918742920051627	6.913299192315187	6.9090497200860295	6.905999336724366	6.90415529588	6.903496620141041	6.903393863561218	6.903378781431421	6.903377325181495	6.90337878406985	6.903393882334222	6.9034967330259756	6.904155750048416	6.905999945547282	6.909050263990415	6.913299440232639	6.9187426310443385	6.925379948697769	6.933212784024962	6.94224196879903	6.952467518427129	6.963888686264087	6.976503921615503	6.990310793700621	7.005305966709119	7.021485227328066	7.038843533044617	7.057375060682306	7.077073249565086	7.097930840229851	7.1199399140601525	7.143091941009164	7.167377831199541	7.192787964704987	7.219312175592844	7.246939718372824	7.275659303324227	7.3054592565173575	7.336327728249925	7.368252779087429	7.401222253049844	7.435223541832356	7.470243455481164	7.506268349470078	7.543284480342101	7.5812783663579495	7.620236836468795	7.660146644273636	7.700993976600364	7.742764413732636	7.785443461301886	7.829017082580671	7.873471660138931	7.918793612778712	7.964969262445186	8.011984492598758	8.05982308506274	8.108467150526124	8.157912049276417	8.208200758753737	8.259431580218452	8.311663933845374	8.364818031157071	8.418764326539055	8.473439020672593	8.528826304856018	8.584920441058285	8.64171145689619	8.69918682447908	8.757334273015934	8.816141869137887	8.875597479045345	8.935688820075477	8.996403744755384	9.05773036299508	9.119657014749123	9.182172220213356	9.24526466019288	9.30892317666906	9.373136776014515	9.4378946303083	9.503186078530852	9.569000628250057	9.63532795707267	9.70215791364639	9.769480518475865	9.837285963639324	9.905564608787737	9.974306974810379	10.043503751519054	10.11314583851609	10.183224364750947	10.253730505115486	10.324655103003277	10.39598904218533	10.467725693639624	10.539862528973718	10.612390952843018	10.685273772971525	10.758466039171166	10.832059147256198	10.906365903123687	10.981288571561238	11.05507997441113	11.126071660359939	11.201050945469026	11.296189641953859	11.395040752574742	11.421276012102147
11.700739048737889	11.681967684244816	11.588164057596687	11.482515601675974	11.398935005429701	11.324165819362094	11.24755451875976	11.168945754895487	11.090572261745566	11.013061401873692	10.936122776743115	10.859560303769706	10.78338892746379	10.707659305514145	10.632389170414237	10.5575805509155	10.483238019231498	10.40937011923079	10.335986111248497	10.263094805004993	10.190704890443957	10.118825261916722	10.047465043495368	9.976633532802785	9.906340180597574	9.836594596217578	9.767406553310105	9.698785990362346	9.630743009191587	9.563287873132985	9.496431004804506	9.43018298385187	9.364554546004582	9.299556582987044	9.235200139865256	9.17149641277708	9.10845676968017	9.046092815114493	8.984416435978007	8.923439638015852	8.863174106919594	8.803631030571848	8.744821831909835	8.686758397645567	8.629450164820518	8.572904279876028	8.517147054174407	8.462250737596982	8.408261557562643	8.355161296394469	8.30295614957869	8.25165393596935	8.201227826426326	8.151666478900388	8.10298000354904	8.055183548777856	8.008290987685326	7.962315204454664	7.917268657184323	7.873163736848947	7.830013475713964	7.787831854537968	7.746633067171274	7.706430420845359	7.6672360451360415	7.629061646170039	7.5919194739499725	7.555822635344993	7.5207846168923735	7.486818491000048	7.453936380143242	7.422149477807621	7.391468503511386	7.361904166737298	7.333467274980814	7.306168484247166	7.280017978809224	7.255025321256664	7.231199474627612	7.208548859779682	7.187081357370877	7.166804262350261	7.147724232285402	7.129847247111922	7.113178573960956	7.097722727730477	7.083483424629127	7.070463537210188	7.058665081630613	7.048089275782043	7.038736619273678	7.030606764789536	7.023698114413865	7.018008477611967	7.013540078837444	7.010307104074079	7.008317019820246	7.007459098566544	7.007219197891481	7.007204837578249	7.007204923479457	7.00720484079263	7.007219211495686	7.0074592308770915	7.008317455785747	7.010307699842729	7.013540614483073	7.018008720865101	7.023697826408846	7.030605695296565	7.038734503544043	7.048085833411849	7.058660016186425	7.070456536305283	7.0834741605439255	7.097710858605515	7.113163745507649	7.129829094767163	7.147702383731849	7.166778340316952	7.187050982630953	7.208513654281138	7.231159064699964	7.2549793407770515	7.279966072122149	7.306110308725221	7.333402503538458	7.361832490985635	7.39138963777594	7.422063162837143	7.453842384427162	7.486716608799042	7.5206746648514775	7.555704451260043	7.591792920022264	7.628926615753942	7.667092468902496	7.706278267571412	7.746472337418335	7.787662571375047	7.829835680303806	7.872977492801907	7.91707405864163	7.962112379069672	8.008080092174643	8.054964763125687	8.102753528158908	8.151432529202866	8.200986621562299	8.251405706337302	8.302701229715282	8.354900330055198	8.407995176535131	8.461979025840465	8.516869989616545	8.572622128407229	8.629163239837913	8.686466964459507	8.744526149408212	8.8033313927825	8.86287084137366	8.923133083276179	8.984106923836372	9.04578066503517	9.1081422906215	9.171179905710398	9.234881898349581	9.29923689255369	9.364233683503397	9.429861216999798	9.496108591754776	9.562965062040304	9.630420037896984	9.69846308626234	9.767083933366477	9.836272467029358	9.906018738482363	9.97631296387275	10.047145523738076	10.118506957262236	10.190387956694808	10.262779387528628	10.33567234492605	10.409058129912665	10.482927926100212	10.557272462935863	10.632083170414516	10.707355445872084	10.783087302289974	10.859261173219688	10.9358263923329	11.012767153672725	11.090278345988517	11.168652866286681	11.24727247949969	11.323904864410233	11.398662164833334	11.482139878501629	11.587682534024028	11.681699970896497	11.700739048737889
17.259245983988514	17.208818992375875	17.00422082840429	16.799305889236383	16.615703818342624	16.44534918228585	16.277551770529715	16.108949128774405	15.940879370923989	15.774576363244206	15.610114541878744	15.447253072425594	15.285915305820662	15.126135341851628	14.967942617611087	14.811342677239637	14.656335803741245	14.502925833814572	14.35111870431594	14.200920286873085	14.05233610672689	13.905371702865052	13.760032780998928	13.616325183724333	13.474254852518602	13.333827823239162	13.195050232237948	13.057928318741528	12.922468423770091	12.788676988139851	12.656560550100535	12.526125743047032	12.39737929502564	12.270328030580183	12.14497887087995	12.021338830156317	11.899415027489413	11.779214746919882	11.660745505958829	11.544014927943433	11.429030255262802	11.31579793778854	11.20432410154646	11.094615258308458	10.986678119747259	10.880523764505114	10.776178322824522	10.673665682911365	10.57297231928361	10.474074250320946	10.376992993362233	10.281776540283422	10.188441016277606	10.096972655537593	10.007363067743057	9.919616008955883	9.833739260032564	9.749740354221194	9.66762599508543	9.587402500475143	9.509076851367604	9.432657499392509	9.35815375286406	9.285574098870224	9.214925189243624	9.14621253088359	9.079442137230734	9.014621611335492	8.951759867560728	8.89086587974369	8.831947449014006	8.775010806746982	8.720061178982885	8.667103730294077	8.616144123397728	8.567188400770334	8.520242503607639	8.475311904853072	8.432401535718306	8.391515869647362	8.352658983202517	8.315834543247293	8.281045762908256	8.24829536483113	8.217585554553057	8.188917992312224	8.162293758086069	8.137713322268366	8.115176560890992	8.094682840316917	8.07623102529124	8.05981904506194	8.045443336887658	8.033101258754805	8.022800446750985	8.014561811858085	8.008364759820024	8.004029337845688	8.001207772276782	7.999723898975053	7.999549266089225	7.999723897815261	8.001207788171497	8.004029473679672	8.008365085274843	8.014562249033688	8.022800810147226	8.033101334448142	8.045442907770708	8.05981788628144	8.076228899245935	8.094679495444186	8.115171731834202	8.137706730318826	8.162285111940948	8.18890698927951	8.217571882184899	8.248278702911309	8.28102578572094	8.315810922057645	8.352631388885774	8.391483975416605	8.432365019892329	8.475270453541668	8.520195813146497	8.567136179904374	8.616086095609264	8.667039636824697	8.719990782407173	8.774933893729767	8.831863830555042	8.890775388769647	8.951662356064888	9.014516950080987	9.079330219361065	9.146093277867259	9.214798555405013	9.285440070885306	9.35801234375242	9.432508741188913	9.508920792455474	9.587239209482581	9.667455566786307	9.749562911351617	9.833554950035737	9.919424999293465	10.007165540008678	10.09676879192607	10.188230985809792	10.281560545999485	10.376771439452583	10.47384776701303	10.572741410435542	10.673430469416596	10.775938782023571	10.880280038373613	10.986430465989413	11.094363908040062	11.204069273840878	11.315539884304838	11.428769259110211	11.543751281276043	11.660479494835446	11.778946647393225	11.899145106709842	12.021067347664538	12.14470607886549	12.270054173677819	12.397104610117943	12.525850459029435	12.656284887518106	12.788401158797027	12.92219263045774	13.057652755117495	13.194775082806382	13.333553263364532	13.473981048444491	13.616052292601923	13.759760950933234	13.90510107291741	14.052066806736695	14.200652437232616	14.350852416615162	14.50266121301024	14.65607294830547	14.811081669406738	14.967683510241221	15.125878188517794	15.28566026639222	15.447000415320234	15.609864143678587	15.77432701832826	15.940630221504682	16.10870476307319	16.277322370788273	16.445128603900642	16.615442867031234	16.798956061189028	17.003854565251462	17.208645037834216	17.259245983988514
46.61904761904761	45.955714285714286	45.29904761904762	44.649047619047614	44.005714285714284	43.36904761904762	42.739047619047625	42.11571428571429	41.499047619047616	40.889047619047616	40.285714285714285	39.68904761904762	39.099047619047624	38.51571428571428	37.939047619047614	37.36904761904762	36.80571428571429	36.24904761904762	35.69904761904762	35.15571428571428	34.61904761904762	34.08904761904762	33.56571428571428	33.04904761904762	32.539047619047615	32.035714285714285	31.539047619047622	31.049047619047613	30.565714285714286	30.089047619047616	29.619047619047617	29.155714285714286	28.699047619047615	28.249047619047616	27.80571428571428	27.369047619047617	26.93904761904762	26.51571428571428	26.099047619047617	25.689047619047614	25.285714285714285	24.889047619047616	24.499047619047616	24.115714285714283	23.739047619047618	23.369047619047617	23.005714285714284	22.649047619047618	22.29904761904762	21.955714285714283	21.619047619047617	21.28904761904762	20.965714285714284	20.649047619047618	20.339047619047616	20.035714285714285	19.739047619047618	19.44904761904762	19.165714285714284	18.889047619047616	18.619047619047617	18.355714285714285	18.099047619047617	17.849047619047617	17.605714285714285	17.369047619047617	17.13904761904762	16.915714285714284	16.69904761904762	16.489047619047618	16.285714285714285	16.08904761904762	15.899047619047618	15.715714285714284	15.539047619047619	15.369047619047617	15.205714285714286	15.049047619047617	14.899047619047618	14.755714285714284	14.619047619047619	14.489047619047618	14.365714285714285	14.249047619047618	14.139047619047618	14.035714285714285	13.939047619047619	13.849047619047619	13.765714285714283	13.689047619047617	13.619047619047619	13.555714285714284	13.499047619047618	13.449047619047617	13.405714285714284	13.369047619047619	13.339047619047617	13.315714285714284	13.299047619047618	13.289047619047619	13.285714285714285	13.289047619047619	13.299047619047618	13.315714285714284	13.339047619047617	13.369047619047619	13.405714285714284	13.449047619047617	13.499047619047618	13.555714285714284	13.619047619047619	13.689047619047617	13.765714285714283	13.849047619047619	13.939047619047619	14.035714285714285	14.139047619047618	14.249047619047618	14.365714285714285	14.489047619047618	14.619047619047619	14.755714285714284	14.899047619047618	15.04904761904762	15.205714285714286	15.369047619047617	15.539047619047619	15.715714285714284	15.899047619047618	16.08904761904762	16.285714285714285	16.489047619047618	16.699047619047615	16.915714285714287	17.13904761904762	17.369047619047617	17.605714285714285	17.849047619047617	18.099047619047617	18.355714285714285	18.619047619047617	18.889047619047616	19.16571428571428	19.44904761904762	19.739047619047618	20.035714285714285	20.339047619047616	20.649047619047614	20.965714285714284	21.28904761904762	21.619047619047617	21.955714285714283	22.299047619047613	22.64904761904762	23.005714285714284	23.369047619047617	23.739047619047618	24.115714285714283	24.49904761904762	24.889047619047616	25.285714285714285	25.68904761904762	26.099047619047614	26.51571428571429	26.93904761904761	27.369047619047617	27.805714285714288	28.249047619047616	28.69904761904762	29.155714285714275	29.619047619047617	30.089047619047623	30.56571428571428	31.04904761904762	31.539047619047608	32.035714285714285	32.53904761904762	33.04904761904761	33.565714285714286	34.089047619047605	34.61904761904762	35.155714285714296	35.69904761904762	36.24904761904762	36.805714285714274	37.36904761904762	37.93904761904763	38.51571428571428	39.099047619047624	39.689047619047614	40.285714285714285	40.88904761904763	41.499047619047616	42.11571428571429	42.73904761904761	43.36904761904762	44.00571428571429	44.649047619047614	45.29904761904762	45.95571428571427	46.61904761904761
